12 264 408 318 829 421 86 421 122 52 548 280 501
24 618 612 752 763 578 501 221 869 701 159 998 170 9 753 263 481 206 524 763 984 267 928 698 764
47 294 784 707 526 813 908 241 243 1 50 30 678 891 677 402 89 134 590 252 626 821 728 812 300 107 645 472 341 988 817 529 590 275 976 926 763 844 349 476 646 166 19 297 665 929 84 458
36 641 731 279 414 465 76 507 470 842 881 751 877 597 13 200 947 481 898 350 81 285 470 896 40 213 719 995 110 516 624 366 792 751 469 12 93
21 355 491 820 511 151 431 579 178 585 17 502 232 938 581 403 810 410 70 676 151 927
34 609 783 491 723 372 14 718 689 130 64 727 244 156 391 114 718 938 460 100 735 344 501 963 843 66 981 965 567 192 101 613 544 421 321
18 960 275 221 361 775 706 985 456 693 941 862 712 702 63 357 456 635 154
40 715 604 829 769 157 89 567 511 94 568 656 194 12 742 312 558 756 558 203 518 756 894 387 554 688 952 583 669 441 662 727 131 161 995 384 288 650 828 253 76
38 737 709 774 533 533 332 822 922 465 501 262 761 793 819 821 907 216 754 459 459 172 465 77 761 278 322 460 523 649 918 298 997 972 340 348 2 278 909
48 320 850 318 546 938 883 177 985 898 995 274 729 721 299 516 366 161 722 532 13 2 5 671 937 371 156 181 430 64 274 289 887 430 338 894 148 826 205 548 768 807 915 236 907 574 263 453 181
28 609 562 547 486 9 440 950 369 559 900 758 157 922 595 25 816 305 966 938 100 287 694 949 5 380 949 145 480
19 513 932 999 385 462 106 640 433 19 932 64 4 804 501 26 462 672 443 511
11 888 610 116 627 316 882 509 917 465 316 44
25 303 475 680 6 717 489 454 686 291 261 869 245 971 132 242 571 885 623 245 793 541 134 663 792 96
66 459 68 310 19 838 289 948 54 637 934 207 289 707 605 554 975 62 725 792 710 156 678 493 995 440 858 522 455 28 260 865 507 896 884 178 485 686 64 367 375 514 940 764 653 506 399 768 490 427 940 328 574 56 836 838 780 515 791 100 140 118 203 527 32 448 127
69 512 720 410 21 394 697 453 398 961 200 130 349 264 976 193 200 105 372 511 373 205 275 106 120 633 292 937 700 303 679 980 947 482 858 41 807 965 746 184 375 279 731 720 230 457 394 174 171 47 694 192 164 569 137 554 381 646 747 182 319 34 947 52 358 270 203 255 562 414
60 225 333 991 757 679 413 577 863 166 337 572 10 182 318 907 821 482 404 947 612 652 469 504 313 310 333 226 202 290 649 672 551 612 129 685 739 452 436 822 355 44 462 442 312 532 856 652 726 596 229 980 181 430 914 255 213 521 530 876 75
12 427 490 539 859 16 544 427 248 389 375 476 464
66 895 613 900 528 480 627 509 157 335 505 1000 52 502 499 894 206 152 960 924 501 634 54 923 190 414 25 662 619 267 253 586 955 226 802 592 220 293 612 831 805 998 61 705 584 538 588 753 896 140 114 466 12 192 53 662 503 892 338 54 152 463 499 964 568 629 86
32 467 263 748 547 318 673 613 118 844 323 595 830 777 837 946 572 978 448 409 898 170 52 692 595 958 238 230 325 440 523 974 198
42 405 140 619 554 461 599 441 443 346 679 535 308 679 783 279 734 757 229 679 420 130 868 165 250 800 454 843 599 942 52 299 615 154 582 28 839 798 414 502 612 112 871
59 853 479 181 317 906 185 798 348 314 277 915 160 59 877 344 952 77 609 42 797 419 253 369 881 403 997 125 136 601 91 272 179 426 52 42 205 690 943 899 311 91 508 708 483 388 23 106 925 781 263 193 923 793 818 961 246 900 756 75
23 360 815 456 893 536 44 30 168 933 269 456 399 183 898 422 112 428 636 813 551 583 603 194
55 769 342 148 241 929 32 396 469 101 793 175 46 694 128 109 69 657 978 401 391 160 44 295 735 543 578 131 886 722 187 439 352 74 280 716 652 767 938 192 626 842 789 220 225 846 109 222 207 146 791 4 908 212 739 976
25 966 605 700 563 230 597 224 293 543 909 385 227 921 836 682 505 300 304 772 490 811 203 369 966 994
16 591 872 681 941 136 246 61 408 466 305 673 758 907 136 479 386
50 931 723 807 414 837 249 857 588 20 896 613 595 816 947 963 767 698 648 289 885 620 69 415 276 91 638 613 183 885 725 135 202 864 400 586 538 863 345 589 960 752 73 330 836 170 360 934 234 833 837
118 800 262 747 57 58 291 433 246 792 856 320 461 761 855 688 740 864 8 664 285 127 551 642 527 947 470 206 254 876 262 750 451 41 639 342 398 526 485 608 637 448 767 216 402 560 167 160 400 649 874 916 915 411 753 84 317 370 297 494 589 612 31 859 947 572 57 960 391 104 362 197 298 534 484 171 457 89 565 584 416 548 896 190 128 202 487 1 886 325 584 40 969 50 31 650 463 756 999 589 804 975 10 916 277 885 216 444 263 857 57 22 119 505 670 199 266 738 737
72 482 924 735 141 258 178 605 750 731 936 800 534 687 444 222 904 13 525 113 224 327 904 631 813 988 68 89 329 113 776 243 168 488 603 639 737 86 88 926 679 960 585 918 943 612 146 813 986 948 688 434 426 293 682 138 584 24 390 844 753 612 356 714 937 503 339 350 537 518 739 610 321
63 499 986 799 264 224 78 731 254 466 984 268 730 728 3 252 274 348 621 357 496 613 854 516 398 91 286 986 475 301 155 579 182 162 790 239 138 898 140 470 825 439 584 641 261 866 198 365 889 345 696 202 296 578 674 340 409 924 207 722 611 200 13 285
121 196 979 684 707 722 276 344 531 794 19 391 513 787 133 487 992 154 120 159 201 406 169 226 159 45 934 692 326 365 818 37 808 65 316 97 828 892 383 494 170 66 797 216 968 627 255 471 570 699 202 813 74 919 401 161 855 136 777 537 547 389 594 17 695 494 559 909 272 849 918 263 389 54 723 669 5 391 635 158 870 33 73 166 25 342 521 159 111 305 464 616 378 564 14 358 144 167 150 180 402 832 666 159 541 753 991 229 740 952 712 714 229 354 292 245 997 520 604 917 628 745
75 779 368 768 978 607 555 10 442 233 547 29 328 777 725 850 316 841 987 264 60 155 761 32 512 23 223 844 161 729 45 142 603 804 911 18 670 795 171 686 667 243 33 514 724 174 118 532 750 886 350 733 525 598 176 397 908 55 772 358 849 903 394 442 580 428 313 478 360 568 344 448 450 196 530 499
86 613 104 889 561 16 639 121 600 692 295 162 810 559 905 50 223 747 960 870 766 394 18 388 994 597 568 662 108 625 549 172 949 4 823 785 271 358 40 504 952 263 363 733 851 24 417 814 849 838 462 677 620 741 589 363 163 291 489 186 770 124 838 315 295 677 614 842 425 351 761 918 794 624 399 392 158 788 341 345 95 660 671 234 802 972 692
141 341 249 717 756 539 761 309 29 440 354 192 261 18 349 883 297 971 82 634 336 929 704 498 372 553 562 936 409 696 259 809 27 964 157 790 130 667 945 372 409 309 715 637 19 918 652 997 164 724 138 561 237 520 776 342 899 979 171 497 529 122 322 335 562 60 572 309 584 530 817 430 738 317 707 612 583 216 10 680 104 850 448 350 436 893 15 269 109 808 76 736 976 752 177 501 151 267 426 51 932 946 581 839 704 22 667 989 512 901 644 450 319 215 4 32 219 641 385 320 82 238 997 831 908 456 862 535 548 950 726 515 913 772 854 536 644 497 499 216 991 158
47 510 246 795 910 726 760 749 829 231 149 367 39 878 337 349 483 352 349 180 338 386 811 469 33 837 966 847 173 700 928 319 338 321 849 136 779 940 800 263 560 449 877 721 654 77 422 278
50 178 942 525 42 838 187 26 427 447 103 310 301 571 357 220 167 739 686 908 775 589 149 312 632 394 362 366 908 55 306 734 688 864 162 48 911 238 891 756 642 996 279 548 14 314 475 404 730 574 833
23 122 607 326 844 372 569 346 706 9 739 916 995 517 348 36 404 223 155 326 137 686 984 375
127 866 458 846 67 857 146 527 962 123 217 400 710 589 199 850 19 399 979 368 862 729 399 207 415 204 909 107 894 273 551 355 463 661 423 560 66 22 695 846 461 458 861 990 785 657 247 993 873 779 934 148 666 954 671 706 397 745 550 861 519 484 886 229 197 239 603 349 70 813 892 208 549 300 657 209 282 849 27 204 79 9 818 53 107 576 397 732 27 806 652 148 457 717 460 505 49 590 527 591 369 410 263 172 453 320 86 786 99 340 140 951 184 708 262 702 82 659 742 907 488 656 530 278 535 706 522 972
95 293 429 473 257 280 985 812 902 713 398 688 633 406 844 394 144 597 239 125 203 616 281 832 617 900 748 981 975 399 471 191 49 264 928 287 259 406 852 223 905 186 259 732 194 814 686 800 910 791 76 97 792 893 814 793 527 643 54 411 404 11 72 697 287 839 495 621 594 123 213 466 499 141 535 358 623 802 712 943 565 175 906 449 687 441 865 108 766 125 792 771 159 402 272 489
150 538 121 268 349 305 106 284 614 987 998 789 974 723 472 205 281 996 149 598 460 467 404 525 341 226 544 169 608 409 286 447 580 362 416 931 232 716 16 635 544 77 331 441 883 877 723 432 418 470 575 805 723 98 396 85 157 477 416 414 620 367 885 987 35 728 347 292 423 129 1000 641 75 759 651 379 94 119 214 279 227 338 460 829 722 300 115 141 490 111 409 486 329 481 937 579 558 878 234 426 618 787 423 69 549 16 533 644 673 50 125 687 859 362 804 228 388 221 501 713 848 920 880 936 743 831 266 80 227 513 347 566 103 908 755 222 414 315 998 150 217 694 189 546 411 920 886 594 597 287 821
88 745 231 876 307 16 44 874 663 249 381 459 554 388 125 320 367 983 577 502 569 221 46 757 868 404 30 388 426 683 647 897 260 958 759 589 481 620 43 151 861 773 78 256 732 995 278 785 123 194 165 382 680 310 18 231 929 933 935 739 713 838 209 308 182 16 881 819 756 376 675 563 137 895 307 946 331 948 934 745 296 684 842 245 541 185 761 37 338
79 32 210 251 510 680 66 358 853 265 536 385 333 216 636 183 372 114 346 241 533 610 376 70 7 700 75 418 979 357 853 715 284 541 846 665 309 334 925 497 63 509 157 733 241 279 335 863 109 894 446 190 88 558 43 660 580 425 7 896 541 574 253 936 962 469 571 527 496 409 261 538 94 84 690 946 191 460 705 705
119 259 854 703 478 43 416 828 607 548 305 60 400 762 652 342 139 777 706 682 533 292 881 248 551 621 967 203 346 525 469 945 816 549 288 537 816 543 713 954 563 454 320 894 387 354 802 369 385 742 647 504 628 783 264 213 226 408 699 834 7 997 928 852 827 310 200 664 734 847 402 292 409 143 524 983 775 746 477 980 950 973 741 783 46 670 432 383 883 900 920 806 439 534 896 173 906 895 484 979 686 169 809 288 89 241 694 756 140 486 674 170 396 685 880 211 613 504 522 802
37 135 985 241 908 379 292 183 510 659 937 972 277 686 449 40 157 452 507 881 193 447 671 534 255 477 185 205 585 40 221 348 294 887 977 763 706 370
71 43 920 637 445 436 805 964 630 347 192 161 680 397 196 567 596 221 630 612 453 724 770 914 693 688 858 783 152 519 902 789 802 443 158 102 185 676 287 197 224 312 246 468 687 794 995 541 621 464 1 825 316 834 848 453 993 690 2 194 405 823 212 517 349 468 951 926 777 121 10 326
183 683 933 198 389 626 350 455 701 781 86 742 195 781 196 985 236 193 376 170 264 533 983 59 182 233 818 651 218 474 643 495 374 955 717 949 106 40 837 455 50 660 71 807 545 530 580 397 838 83 274 790 526 370 906 367 19 594 776 140 467 2 984 654 590 597 142 833 849 21 360 649 55 78 593 164 735 354 895 224 453 214 291 632 413 647 209 333 492 282 365 561 831 406 691 603 227 755 392 595 14 760 720 766 802 712 586 848 539 201 977 310 863 208 792 178 179 814 883 772 518 353 328 824 174 801 379 586 43 885 999 88 934 165 28 731 363 2 714 313 642 614 474 269 509 472 851 527 906 621 518 648 498 806 51 936 764 548 555 817 841 944 270 602 365 120 578 175 912 153 38 607 492 431 98 806 350 909 833 239 43 577 514 749
194 403 587 164 544 970 847 1000 338 789 568 855 677 968 267 292 395 698 788 660 234 267 659 937 656 863 379 973 690 950 574 313 872 268 429 863 361 616 974 823 728 567 8 168 153 947 998 747 599 565 438 736 775 445 317 829 603 633 259 106 213 665 624 474 455 994 548 820 942 236 673 137 721 293 375 653 236 107 886 619 470 620 809 333 894 477 82 824 772 942 832 774 56 113 933 231 27 175 425 126 780 270 994 611 262 193 796 634 949 697 235 966 663 922 520 1000 300 490 737 351 434 541 951 237 181 245 357 611 671 517 584 614 860 525 142 844 108 483 212 660 44 616 26 875 118 57 440 503 664 670 121 854 556 337 154 931 956 870 467 721 843 277 700 991 608 375 164 677 278 678 474 167 921 440 859 44 333 917 565 803 434 341 760 761 134 428 684 845 284 128 438 377 723 415 615
182 597 622 321 532 93 179 6 432 975 796 507 207 822 67 445 827 762 375 800 606 493 243 98 647 553 24 883 111 933 112 710 404 823 901 95 733 794 210 254 980 823 974 790 531 309 716 708 191 390 575 114 147 986 313 139 598 350 760 277 401 553 465 752 367 932 440 517 99 265 758 429 76 946 135 661 790 347 449 857 119 278 946 512 124 264 655 584 96 51 500 969 331 506 984 584 447 335 134 104 695 831 538 414 241 835 934 355 19 309 295 169 103 174 846 783 393 906 255 86 967 827 20 109 8 979 803 825 158 525 964 491 628 808 345 717 108 191 835 459 400 862 41 991 824 669 556 52 42 602 124 736 146 632 715 438 928 27 991 607 463 859 379 872 57 425 371 277 369 298 461 312 70 116 764 60 595 658 909 693 654 533 441
198 293 43 820 606 405 821 877 92 889 224 498 200 466 218 609 281 689 845 954 904 915 486 520 806 734 161 993 776 804 323 645 196 369 247 171 111 316 488 709 470 739 984 380 747 100 7 671 17 96 333 391 601 547 855 36 307 120 924 927 418 715 760 379 53 502 248 107 861 846 795 541 864 718 779 134 622 646 676 805 631 715 753 437 428 929 851 719 597 764 556 696 78 925 615 396 930 917 148 350 776 427 323 547 541 175 183 41 777 12 727 675 212 856 488 884 894 10 477 834 365 481 637 788 299 731 729 796 461 288 996 755 458 276 712 556 266 655 658 6 968 857 21 644 329 141 116 339 699 726 168 46 527 196 871 938 942 1000 747 172 147 482 848 192 891 295 844 273 78 117 300 106 795 243 695 305 26 981 514 536 318 880 174 941 21 565 309 434 735 856 147 820 674 339 891 691 907 893 66
117 774 625 680 580 779 346 869 155 477 347 12 758 179 443 123 897 572 907 620 685 843 227 846 918 464 166 108 923 655 533 733 359 467 932 417 105 161 391 291 161 472 164 43 255 206 497 310 830 112 334 285 627 708 294 214 86 848 711 127 995 403 733 299 871 833 599 308 783 156 633 1000 184 167 969 613 171 8 548 247 539 267 154 320 516 354 379 51 218 284 770 627 343 10 441 431 578 462 264 860 383 402 191 914 285 249 881 505 5 576 89 43 251 962 304 774 250 45
196 992 625 30 419 134 699 502 877 348 116 504 913 367 468 942 608 231 488 341 795 445 719 233 521 619 233 85 190 644 646 330 728 99 250 793 857 534 281 786 757 908 333 656 634 21 43 820 264 659 113 815 8 164 778 273 944 568 315 699 967 76 169 980 837 959 50 151 64 244 199 479 89 793 914 808 288 638 868 718 783 394 769 788 201 114 637 488 954 679 375 396 450 726 94 213 84 684 485 810 793 420 647 123 893 593 207 232 193 998 756 978 811 159 239 134 339 767 174 76 558 858 445 408 165 38 445 879 319 424 857 778 432 47 556 8 314 949 116 258 47 668 384 363 645 837 106 384 840 249 341 612 135 884 135 62 669 980 283 871 13 91 395 324 585 553 806 873 258 405 643 448 52 856 326 350 369 319 339 596 705 876 51 849 107 840 567 334 152 645 991 216 573 342 126 113 582
224 959 482 72 109 146 229 256 267 61 467 922 255 941 452 770 884 626 510 66 662 50 177 982 510 876 985 57 312 603 217 716 565 169 19 571 392 497 83 741 838 772 535 346 350 263 606 600 20 440 614 937 125 314 273 647 147 401 832 237 177 104 622 579 417 832 914 810 213 815 475 670 555 54 314 111 527 309 91 664 352 186 42 164 521 215 484 293 181 869 196 598 310 732 528 642 235 452 908 457 244 936 996 188 336 374 25 106 409 834 895 296 63 891 424 228 57 964 771 177 109 425 414 73 624 960 107 596 722 214 838 226 318 311 860 342 441 875 924 907 139 355 932 693 28 502 937 396 682 584 746 465 164 369 283 718 382 490 386 158 219 294 677 743 147 739 371 933 808 970 469 70 451 843 38 468 155 677 899 874 437 117 265 155 816 975 667 96 121 440 303 429 619 218 996 751 996 981 919 488 683 411 226 636 449 668 34 65 840 335 817 847 777 225 806 576 215 113 622 54 80 822 789 354 394
62 410 213 100 769 606 712 950 527 338 265 279 590 261 360 89 423 876 484 456 25 162 62 900 573 709 803 754 593 322 341 645 130 543 155 453 86 969 806 149 865 902 700 360 557 952 693 81 196 974 938 904 559 74 149 392 709 375 857 65 784 858 994
187 285 596 620 236 237 554 116 537 724 787 159 330 626 574 220 205 554 736 522 633 302 417 396 980 916 288 764 360 817 687 767 216 395 190 68 395 137 764 907 162 865 750 776 288 909 88 442 55 185 980 883 662 362 29 362 222 403 116 536 228 786 326 349 933 59 35 165 137 696 348 456 48 749 376 527 322 323 969 806 536 665 701 215 445 860 883 102 343 936 161 128 144 891 751 283 981 58 484 900 659 323 766 466 292 877 846 672 767 39 76 342 538 491 126 19 405 171 699 146 717 446 755 134 971 859 121 320 301 421 58 184 655 662 612 371 933 612 163 945 533 873 508 563 352 916 342 695 534 218 658 259 79 100 987 477 369 219 225 681 139 75 582 819 409 478 409 85 778 392 30 216 657 666 664 745 203 837 582 837 758 985 463 714 432 252 369 968
159 469 282 246 422 742 912 235 927 406 219 635 108 120 35 632 871 992 962 475 180 162 360 458 841 950 330 281 249 592 74 311 475 601 493 74 806 653 802 696 411 716 298 156 664 439 734 880 733 212 570 841 965 234 15 172 377 683 759 208 496 183 521 50 269 793 260 254 90 346 409 612 212 775 660 947 569 371 220 270 136 820 930 222 706 548 999 897 840 438 985 839 120 465 885 668 257 591 784 77 660 536 288 278 513 131 337 725 705 400 794 233 939 13 470 810 523 726 472 559 123 664 968 841 559 354 987 349 455 677 398 97 468 378 959 671 805 883 60 77 359 324 633 593 595 203 355 12 187 974 487 817 900 432 594 342 488 803 914 772
141 73 930 158 229 980 986 959 592 328 919 990 976 721 116 768 162 995 453 22 730 905 189 142 650 805 35 427 320 385 681 278 154 132 966 817 971 898 685 227 820 97 615 465 767 27 918 127 598 600 230 100 987 512 84 101 572 319 116 116 381 181 184 38 116 933 398 415 438 848 398 932 657 707 1 724 148 514 190 521 385 233 157 480 181 801 804 933 600 516 732 696 770 709 963 374 614 53 635 864 905 173 435 94 367 551 937 46 842 712 668 575 545 220 255 862 439 504 942 331 386 229 905 917 348 167 504 411 395 641 181 855 426 683 934 322 575 863 274 429 770 711
133 803 580 272 101 959 619 696 191 478 406 439 797 48 72 696 317 856 188 141 84 511 576 842 109 984 15 481 423 274 295 210 526 942 235 944 481 867 428 554 326 157 993 674 748 431 154 268 635 15 66 241 663 150 89 488 334 303 61 748 508 282 61 952 114 130 439 193 25 93 698 416 975 136 390 941 409 977 21 416 500 826 853 986 940 20 819 433 934 594 951 511 540 685 482 738 389 649 562 683 360 157 640 450 66 41 149 753 870 824 523 749 139 641 166 38 737 101 385 683 676 633 741 468 770 459 408 138 172 760 7 540 230 824
107 318 205 444 995 42 36 52 791 564 449 276 856 824 188 574 583 911 708 764 1000 957 927 340 968 643 765 699 686 273 418 238 126 685 536 21 919 369 92 144 412 432 62 921 179 527 641 692 575 148 471 16 246 73 184 386 833 677 395 31 155 194 428 100 975 939 745 112 763 6 405 436 506 425 252 533 453 981 159 365 827 257 210 240 823 787 430 704 483 697 333 88 109 756 576 160 960 962 442 278 824 337 1 361 821 603 882 975
44 581 625 528 135 183 357 248 337 912 72 372 899 893 941 820 728 539 360 44 549 644 241 479 480 657 195 372 624 132 686 743 958 447 442 677 877 185 675 643 964 404 900 536 880
221 909 848 66 258 388 645 899 870 846 188 257 851 965 270 241 438 309 199 525 669 951 212 203 121 156 163 75 786 238 288 556 448 990 756 541 456 779 829 121 258 682 343 575 687 347 389 716 62 732 352 551 659 548 924 841 299 595 349 705 649 98 314 135 690 485 504 126 833 751 303 196 116 413 492 844 694 886 515 883 601 192 206 965 437 716 804 147 517 473 690 32 766 813 469 776 322 606 581 96 745 150 877 127 29 566 663 913 894 842 239 707 872 583 903 414 281 161 77 328 199 501 708 724 620 27 148 68 947 172 205 801 56 842 999 758 820 780 761 881 200 776 878 723 613 498 278 193 685 676 617 817 224 426 644 343 771 847 783 4 768 195 944 721 950 464 467 531 163 430 670 786 312 650 452 549 767 405 179 702 183 642 757 668 548 486 732 722 163 243 80 707 663 544 551 108 97 706 939 106 829 592 702 338 938 292 827 165 161 797 620 460 124 667 976 609 6 307 940 362 645 436
205 18 206 813 823 373 299 508 798 221 699 346 992 737 613 38 280 139 373 928 273 455 821 992 550 501 346 886 527 781 572 82 289 488 896 658 138 356 118 324 836 645 398 597 917 969 286 482 636 900 532 204 806 781 258 607 294 470 318 453 989 38 972 386 204 354 38 127 665 928 718 932 920 729 742 936 86 597 746 832 965 29 30 721 790 931 501 591 210 930 13 605 336 603 654 421 208 137 356 83 680 147 745 801 313 636 903 625 816 385 897 168 599 683 382 855 108 675 254 56 553 671 420 891 728 467 935 788 246 82 195 291 826 741 538 8 960 413 471 198 69 868 438 660 616 680 6 279 377 828 160 529 548 910 719 372 553 960 688 705 1000 295 460 337 661 345 811 769 214 268 725 613 26 673 633 7 426 90 838 920 729 917 893 714 797 31 576 497 722 129 202 350 390 428 459 303 517 190 210 83 90 317 823 278 422 364
183 500 111 196 703 957 430 789 104 1 317 575 736 610 564 566 565 500 464 480 181 494 537 794 15 407 535 89 683 727 628 365 471 785 428 576 133 980 660 636 214 391 236 754 713 92 121 795 235 547 28 87 786 408 126 818 643 857 442 876 894 683 326 427 891 92 813 704 35 717 494 950 436 336 504 261 402 992 687 261 226 142 919 80 262 436 293 939 681 224 738 344 260 979 866 317 51 758 126 139 335 153 519 558 80 134 971 855 7 207 267 53 524 387 767 515 978 50 282 726 114 406 920 962 463 604 949 883 420 177 304 300 829 441 195 309 93 455 684 286 176 485 625 704 307 799 65 870 427 222 112 642 460 52 642 828 418 742 62 100 56 374 730 843 379 654 84 973 596 68 813 208 35 168 145 72 460 332 588 129 260 19 110 509
164 658 753 356 698 525 288 977 359 895 925 915 150 724 343 600 773 329 383 197 470 595 145 422 447 518 445 752 714 769 74 177 940 278 153 847 185 850 362 4 431 878 833 959 259 517 722 114 458 868 560 572 691 414 741 273 564 844 987 676 416 564 899 163 347 956 606 513 223 129 51 736 685 825 547 223 468 770 292 445 92 14 61 180 161 266 842 25 894 306 166 242 426 708 184 465 800 842 914 266 440 537 23 723 934 923 784 727 930 777 980 608 311 101 21 596 176 708 817 290 260 468 900 598 930 682 992 900 306 222 258 781 675 68 495 96 911 724 364 868 567 893 189 983 471 959 702 38 935 54 110 277 943 720 152 608 593 426 324 447 18 741 62 741 771
47 395 677 645 300 667 99 532 886 799 343 321 708 58 619 267 213 668 393 367 350 685 745 495 221 872 236 231 343 60 924 645 125 272 730 60 517 614 971 718 804 321 310 647 864 561 994 567
13 884 259 819 73 615 723 105 657 790 884 723 827 693
221 587 93 915 976 772 373 412 35 647 351 729 601 738 250 875 301 627 505 279 602 80 885 272 322 882 343 30 517 587 554 750 274 587 483 336 307 635 491 283 760 376 693 172 753 68 354 603 797 508 870 911 766 43 133 790 572 242 116 458 619 103 505 414 560 349 344 530 612 460 28 619 820 577 834 132 523 968 56 465 776 946 837 282 602 200 84 632 39 698 1000 360 216 339 502 979 765 323 328 217 559 897 592 81 503 202 253 224 953 434 269 136 521 700 301 212 634 801 529 38 926 405 378 300 119 64 562 196 927 781 83 583 263 788 987 786 62 46 672 712 682 921 438 997 881 707 722 677 326 571 798 469 904 776 557 836 439 284 173 604 62 605 159 159 433 632 405 612 779 320 997 482 528 472 843 457 753 990 95 326 745 865 807 811 37 549 852 344 608 147 953 672 197 908 513 331 542 137 737 20 692 846 995 3 742 252 931 831 335 35 286 405 246 44 441 551 646 347 898 342 703 438
35 877 213 582 537 756 837 524 853 388 621 860 201 168 627 70 900 986 316 168 311 112 634 172 772 561 431 672 904 666 596 668 776 771 834 339
19 348 532 791 114 196 893 295 117 635 772 827 117 394 603 643 816 684 647 554
30 983 658 207 206 176 773 868 717 873 984 863 507 86 287 977 130 988 990 350 807 17 486 891 869 628 668 161 636 507 67
254 833 955 975 766 846 528 984 528 733 354 531 583 448 645 605 375 922 252 32 112 787 15 637 461 188 554 151 590 655 299 42 122 496 1 708 24 129 433 287 96 817 149 218 789 170 655 635 747 856 48 370 61 394 100 590 303 201 8 818 828 316 339 394 256 48 838 459 52 2 441 518 616 183 255 648 469 818 141 267 116 769 485 863 265 743 389 608 271 706 604 325 134 467 740 932 843 316 396 983 22 522 601 609 605 125 559 969 395 787 20 915 978 444 26 779 809 37 530 580 429 75 221 775 624 940 250 279 871 377 519 31 182 194 38 322 792 470 344 905 615 493 171 695 741 404 450 520 494 924 31 360 880 629 494 518 561 232 768 106 820 537 805 565 171 749 362 249 123 464 682 345 804 886 292 904 729 20 565 604 434 965 685 398 658 330 846 547 759 920 341 864 149 962 765 758 695 189 907 905 894 194 513 645 119 940 646 70 295 423 458 481 230 702 342 836 465 221 319 934 762 333 673 42 540 555 551 310 61 135 294 117 639 467 919 351 544 178 112 870 717 433 977 146 764 954 820 776 16 345 193 885 660 802 369
17 499 215 690 712 488 93 200 319 762 637 452 118 368 803 736 597 499
31 126 245 642 319 119 807 418 746 372 236 26 610 964 723 745 965 76 698 729 34 881 264 339 319 32 390 633 614 34 563 369
260 507 772 238 337 418 411 17 321 925 283 898 563 945 507 434 503 971 648 635 610 363 142 160 949 230 27 866 925 752 835 763 235 622 606 622 307 262 355 524 674 329 581 583 712 17 870 830 460 705 197 682 164 847 526 989 238 133 302 45 679 525 123 378 310 145 91 37 731 761 566 461 768 862 186 811 984 373 205 189 865 212 210 849 764 391 357 37 291 599 914 568 538 48 311 353 998 860 774 437 666 176 752 955 456 889 14 316 793 724 922 415 264 352 154 725 650 528 823 648 86 777 974 886 569 265 774 749 735 931 765 766 109 447 397 328 682 272 921 267 335 801 835 468 934 340 765 461 921 193 147 965 178 466 951 998 908 544 123 538 662 562 89 979 582 354 644 616 289 292 581 678 143 787 773 289 697 318 747 853 934 891 504 856 333 137 650 399 147 456 299 468 739 446 977 10 412 537 487 434 646 216 135 689 277 564 122 274 222 329 538 387 932 129 960 841 219 155 608 875 112 476 622 894 54 932 470 655 787 760 869 757 210 800 106 247 567 688 640 231 112 255 525 833 145 771 528 501 573 324 419 474 443 689 832 690 767 190 766 893 359
202 601 291 243 519 365 946 369 282 567 295 735 568 845 540 63 609 694 728 207 864 879 392 803 530 427 601 844 446 116 271 347 942 951 365 432 896 236 611 89 452 19 257 765 198 458 903 580 912 59 342 857 108 703 963 420 798 272 793 933 7 110 588 78 139 780 248 228 752 765 297 86 796 219 495 697 30 765 832 707 414 681 108 972 936 287 311 320 122 138 847 372 248 252 60 930 369 221 266 274 517 912 235 381 535 881 961 584 816 608 552 113 777 862 553 795 700 995 814 785 940 96 751 32 488 399 510 82 921 442 314 874 652 848 698 983 522 996 426 508 764 411 54 522 759 529 606 547 936 600 807 749 922 989 509 755 897 930 280 973 200 884 62 253 764 683 177 611 707 48 693 25 418 137 499 548 719 825 710 697 187 345 691 264 430 562 948 448 75 441 108 175 89 461 731 509 757 384 761 689 804 868 209
38 273 708 274 90 495 872 231 611 574 568 840 490 317 637 100 825 16 839 637 596 577 548 241 481 760 277 331 819 117 666 121 58 985 491 850 363 830 472
24 535 345 698 499 306 943 859 144 307 391 758 754 437 748 709 307 521 204 250 805 157 872 687 757
95 485 404 518 413 378 642 933 436 265 186 279 565 896 259 716 792 609 609 288 441 314 706 419 227 351 358 350 832 837 71 400 600 459 692 840 408 779 506 637 275 972 553 549 807 216 895 690 733 631 740 345 565 816 674 108 589 488 567 648 753 31 318 653 517 715 106 175 756 71 851 14 880 284 818 419 718 541 688 853 575 240 773 145 931 935 303 837 387 515 887 670 936 75 553 106
111 448 779 205 978 996 206 900 856 360 522 75 862 472 928 459 469 133 437 363 643 215 193 242 684 623 507 837 955 356 90 525 967 287 968 756 320 88 406 303 656 133 204 343 1000 415 558 339 46 220 623 231 695 556 461 88 484 229 289 219 599 800 130 6 689 652 339 54 879 244 505 779 827 394 229 796 624 264 676 345 522 292 278 976 241 704 558 517 875 414 236 210 704 268 878 872 109 811 406 640 902 135 216 397 224 201 282 521 312 149 359 955
69 714 94 287 511 378 624 882 509 588 14 110 873 489 23 797 579 933 981 827 45 20 145 12 463 384 220 397 806 809 277 742 403 632 317 479 108 359 258 550 216 264 23 760 619 574 195 886 974 452 879 447 360 691 935 278 117 74 568 317 856 397 616 962 335 409 975 714 207 523
198 646 970 226 175 196 29 636 761 772 693 425 623 17 4 870 308 118 304 11 477 841 548 756 414 402 716 393 666 120 426 336 946 149 888 993 551 925 394 978 424 30 8 321 363 330 222 176 501 461 257 34 596 240 449 415 136 894 566 866 220 121 606 334 642 345 716 714 862 593 291 333 424 621 506 456 868 38 713 117 738 347 515 54 215 715 670 776 49 759 314 560 274 141 280 339 161 529 207 660 415 193 915 816 681 514 373 437 494 906 13 961 319 49 962 22 100 584 353 877 921 430 917 737 709 397 397 298 513 993 300 557 775 706 720 884 458 329 23 799 696 347 580 125 526 340 747 871 774 21 265 631 908 741 142 865 952 224 118 137 97 13 614 848 119 678 165 993 317 457 339 58 44 630 854 221 877 673 226 605 941 679 572 448 175 265 804 375 816 390 728 601 487 984 953 831 664 564 587
226 449 333 121 269 492 533 722 966 638 239 164 408 724 104 12 494 127 20 926 379 690 592 923 964 273 258 553 480 593 803 571 934 415 192 102 153 943 715 948 922 528 34 188 490 835 195 879 854 5 658 537 914 653 891 985 861 745 502 952 108 320 297 810 985 347 233 753 877 236 679 932 77 992 822 935 552 414 160 537 379 68 738 543 237 889 392 219 565 541 440 6 912 666 808 749 913 863 770 598 809 637 137 768 974 284 220 14 691 19 664 178 66 77 406 52 329 417 45 186 887 412 565 269 368 114 355 581 302 752 792 138 172 510 98 614 522 447 665 175 444 943 546 800 414 175 598 435 467 70 271 565 140 877 810 10 228 734 178 169 460 776 968 662 792 729 878 911 231 926 443 694 246 351 956 31 714 312 229 15 556 624 100 99 153 248 129 282 594 412 90 911 79 176 602 28 365 168 998 642 328 778 208 901 738 926 299 59 31 923 158 109 885 351 813 413 811 914 609 963 174 861 355 461 135 5 669
131 133 170 204 929 967 522 870 529 246 511 889 767 304 178 896 251 203 679 747 855 737 31 899 991 628 392 860 26 717 446 942 381 261 326 941 818 921 261 978 788 797 825 265 460 200 994 650 670 36 954 80 990 636 266 21 864 539 503 796 93 1000 888 404 237 185 655 514 686 887 630 828 543 826 993 8 819 789 653 933 196 253 178 407 102 394 683 643 654 526 553 353 213 108 915 191 983 667 305 831 935 386 456 917 548 251 80 142 428 222 311 761 371 908 863 750 697 722 793 849 341 793 871 988 655 561 450 913 41 814 825 210
77 190 406 504 416 115 912 364 69 417 173 296 546 285 928 573 982 484 824 109 93 64 517 663 90 473 574 264 11 702 1000 874 576 202 211 484 534 706 799 963 922 987 35 362 670 936 737 163 78 858 976 399 836 960 513 161 494 29 494 975 500 115 703 653 936 105 224 412 408 453 909 721 942 550 269 59 698 951
72 710 56 297 363 979 810 282 1000 484 386 325 183 588 335 778 277 175 732 687 292 229 870 866 868 716 111 168 227 590 907 985 867 520 659 927 726 60 705 696 773 467 159 168 451 112 475 247 856 959 312 590 862 258 509 116 981 437 571 411 861 320 111 603 309 371 663 432 440 114 550 946 277
323 486 122 243 924 337 176 441 606 18 778 111 88 234 614 845 904 68 58 991 169 741 325 788 882 325 653 923 33 668 43 672 487 439 524 334 918 385 132 307 175 124 784 330 257 732 33 499 312 775 347 662 825 239 750 970 991 848 796 142 431 36 969 531 443 873 312 685 215 21 210 436 205 25 30 604 189 62 989 499 740 343 827 595 442 991 921 636 735 441 770 92 151 951 477 715 509 785 827 975 882 401 546 578 453 831 764 658 928 952 331 504 579 67 145 877 300 450 55 51 883 485 732 387 459 721 88 642 998 433 17 653 684 758 828 926 212 324 991 630 524 734 331 294 535 209 411 855 788 455 221 805 346 580 231 39 584 568 570 941 501 499 221 901 516 399 640 494 544 551 338 617 325 512 517 558 384 251 105 559 967 655 807 689 675 953 491 868 249 112 908 901 320 319 509 687 435 110 187 618 559 614 246 776 782 730 450 567 349 294 881 383 403 592 722 979 250 473 853 127 86 743 469 492 598 961 370 220 503 37 347 293 508 440 786 560 273 689 793 631 697 821 311 644 304 744 445 343 274 406 626 577 642 598 739 928 251 705 321 611 526 299 857 279 966 295 75 948 967 284 510 784 336 248 850 903 824 144 86 552 750 992 127 941 172 331 199 682 489 378 535 654 531 18 90 655 470 663 312 340 663 76 939 987 327 173 495 203 488 88 893 622 917 583 274 752 378 864 389 855 846 588 495 524
102 515 138 889 979 297 5 360 640 478 131 96 128 999 106 811 914 69 771 615 396 775 862 427 360 893 899 162 613 533 392 856 200 213 889 217 701 566 490 311 304 656 196 700 134 437 604 422 572 860 161 390 408 481 498 281 498 995 524 666 939 783 978 100 998 17 419 710 884 925 946 640 945 840 541 215 17 177 978 288 164 824 725 397 42 542 740 751 475 131 472 346 942 918 466 126 214 382 650 429 715 262 925
101 832 855 177 834 693 550 403 186 118 644 911 696 502 762 95 336 907 696 470 577 605 888 9 975 97 485 628 296 583 796 273 571 712 316 52 922 192 67 597 309 7 498 512 928 563 256 887 834 824 890 75 552 213 189 224 270 938 960 422 543 400 33 185 175 403 268 710 618 733 447 921 579 151 333 785 224 476 962 289 199 277 733 111 726 92 39 456 988 975 572 84 950 412 322 279 63 970 758 201 89 282
25 49 73 584 405 464 272 867 552 109 535 717 813 188 88 471 377 275 746 266 989 688 137 713 49 880
138 477 874 326 241 459 98 853 8 342 564 974 100 220 552 968 147 520 759 678 171 498 213 341 858 575 739 486 31 26 123 980 162 647 272 509 942 478 918 951 40 300 517 116 195 573 562 969 553 205 624 239 170 730 660 470 431 136 815 700 257 215 565 79 599 162 391 686 919 140 565 337 574 856 899 215 231 131 352 314 160 676 808 804 609 436 75 84 957 322 563 412 217 935 473 910 112 171 338 619 608 137 734 630 782 200 799 595 474 543 2 483 465 607 348 893 490 639 956 646 428 615 792 270 938 799 213 427 521 854 364 926 416 52 66 869 807 23 257
271 160 688 298 498 336 328 987 982 796 942 675 780 74 142 743 356 476 407 158 901 510 950 130 60 235 737 616 168 567 886 815 261 782 124 187 899 41 581 156 427 459 967 437 541 220 511 999 367 818 437 752 903 838 559 227 468 861 453 870 116 854 201 719 627 804 690 725 627 56 315 421 928 845 753 532 351 493 231 383 148 278 791 23 802 901 532 668 59 906 663 697 996 317 910 542 810 876 128 92 858 337 547 473 597 659 788 731 884 571 90 258 307 229 203 57 140 357 228 843 383 893 663 536 740 52 392 605 503 442 810 551 521 19 543 549 214 157 818 623 22 622 272 720 709 477 879 952 486 542 568 913 123 576 834 909 136 579 967 48 74 368 132 607 595 209 875 656 428 774 270 401 805 538 853 889 575 356 601 782 718 803 105 291 300 486 967 922 820 31 777 238 722 997 451 658 101 385 88 337 619 195 458 321 730 963 560 440 964 241 351 715 908 794 570 902 800 173 857 191 80 817 955 152 15 85 380 605 534 36 842 283 2 30 159 860 51 607 810 427 549 705 434 232 219 576 692 535 821 319 797 884 886 208 638 400 634 976 625 683 604 840 893 101 377 635 236 279 151 734 437 427
46 29 389 79 842 49 444 608 567 308 60 233 989 524 471 956 717 651 589 842 186 399 659 3 814 719 689 364 927 812 952 554 448 940 269 421 234 589 988 845 988 900 81 139 871 545 522
122 211 966 772 106 977 206 919 676 508 741 546 12 542 194 339 698 876 547 816 457 393 178 222 789 934 152 884 831 729 842 223 686 890 479 757 654 213 731 874 344 573 963 709 720 489 67 663 858 244 937 932 527 916 532 892 505 69 311 908 608 410 395 963 275 573 893 709 522 645 752 436 434 593 335 652 594 911 769 956 406 2 458 356 546 799 321 596 897 603 761 247 581 165 250 457 23 224 515 202 4 116 40 626 113 921 818 414 910 201 789 724 461 411 792 40 528 747 33 269 543 500 66
281 668 660 181 911 281 830 723 850 522 324 299 310 140 210 693 485 759 330 464 776 417 486 925 819 581 40 35 252 374 13 244 264 184 267 412 777 188 946 573 83 700 996 401 68 37 612 728 45 336 763 821 818 220 79 316 909 981 5 154 784 853 786 741 554 931 799 527 459 195 857 133 134 605 50 146 34 430 711 983 105 562 309 859 640 991 901 597 430 210 355 106 461 952 797 454 219 993 400 744 235 283 448 71 872 778 401 739 565 766 797 572 697 718 46 473 279 488 553 999 522 159 601 271 631 531 656 529 948 655 569 657 254 933 871 855 772 322 773 964 577 75 217 918 607 224 615 353 761 803 772 860 561 17 789 338 929 594 248 366 241 839 56 701 169 221 339 91 488 359 963 521 469 910 180 419 72 961 772 887 597 691 51 933 562 815 183 983 559 913 283 716 215 796 696 167 797 521 769 902 220 77 357 508 484 595 673 971 235 522 341 40 888 467 196 587 118 934 205 686 919 630 385 344 304 405 770 680 498 649 30 551 85 223 645 109 792 117 276 991 536 408 889 797 32 95 774 467 108 712 792 413 427 569 527 333 506 225 888 622 350 303 267 780 938 562 521 165 363 11 5 833 1 762 512 463 168 401 914 974 368 385
126 390 126 162 495 351 77 272 625 716 544 359 666 191 466 105 151 963 248 883 38 976 648 95 684 490 62 138 582 289 580 43 69 551 867 151 540 399 834 941 717 508 704 668 816 900 523 970 361 184 588 650 4 233 721 254 782 379 571 871 936 841 904 737 850 864 618 286 440 20 188 509 709 626 419 849 422 748 93 737 377 844 322 713 295 904 44 893 235 740 387 231 818 742 477 777 127 483 686 101 603 540 916 407 728 106 418 910 981 644 649 955 336 98 885 838 917 182 588 252 356 374 798 369 769 890 618
129 873 192 373 141 519 704 148 701 291 470 304 288 680 497 769 273 546 798 915 157 324 419 535 566 922 771 458 36 605 594 221 828 343 392 614 293 348 375 445 587 987 265 756 968 914 969 963 808 735 510 644 353 734 983 507 457 499 160 281 373 759 871 91 100 914 281 368 286 617 127 33 863 71 428 576 131 350 770 744 603 151 300 132 880 454 755 841 848 794 872 74 721 717 810 244 692 535 660 693 725 732 641 622 823 200 717 143 306 191 817 922 297 327 96 606 13 101 510 212 889 792 404 816 307 632 366 809 534 773
81 437 467 654 486 915 26 547 888 486 173 104 957 897 132 330 712 999 708 15 674 672 516 523 462 297 590 849 691 503 751 904 984 651 879 386 434 764 757 822 988 170 439 257 312 562 342 927 198 852 919 316 809 813 98 992 797 954 174 481 151 779 715 815 866 78 370 538 202 210 879 515 903 928 624 258 157 240 304 463 420 944
37 772 502 106 99 514 84 189 970 994 256 596 44 57 170 822 672 895 452 309 633 337 471 527 382 378 224 450 382 386 900 19 483 232 756 34 322 316
76 383 654 9 350 723 49 910 858 351 541 642 362 98 688 514 383 516 809 828 434 801 898 514 802 878 3 373 383 635 838 254 772 334 49 712 523 252 1 62 171 810 588 272 699 708 606 952 934 236 838 711 393 202 312 8 36 542 974 533 124 439 205 309 878 687 151 522 994 783 579 578 42 461 602 929 481
190 443 853 898 272 738 910 634 485 724 589 510 549 444 585 504 435 343 748 280 227 424 382 620 492 202 768 213 31 531 16 957 698 542 297 46 277 669 325 66 300 602 134 434 504 612 192 410 838 660 654 43 530 95 206 434 508 914 406 684 579 827 373 873 757 180 127 369 552 223 510 588 645 129 475 150 291 314 110 626 215 569 202 166 158 550 594 498 822 970 173 156 448 62 452 244 991 220 416 806 981 539 458 970 599 940 599 223 809 765 204 991 803 331 934 94 55 731 204 722 675 505 565 529 261 809 148 918 551 739 413 419 201 523 178 242 566 278 266 830 819 30 900 461 191 348 557 458 779 221 783 900 608 994 928 920 361 787 795 510 659 718 362 952 963 358 836 378 632 246 93 178 325 634 832 560 585 166 258 679 189 638 793 556 684 765 369 462 672 995 310
133 32 970 59 769 171 93 994 135 629 418 254 526 171 746 472 119 304 919 396 77 951 536 937 55 687 440 697 897 228 797 673 561 55 57 189 339 492 842 154 704 9 191 526 965 571 674 398 493 348 799 476 862 116 241 593 377 197 783 363 143 480 40 751 496 74 61 472 946 165 617 235 722 779 953 393 206 352 954 659 527 89 12 268 106 944 607 379 961 505 64 712 474 979 461 875 53 571 813 518 153 872 111 225 871 975 122 563 998 105 735 218 169 636 217 941 92 953 798 395 778 874 662 437 313 122 169 51 749 509 224 68 84 166
