int 10 18 1 14 20 19 17 16 18 7 13
int 10 9 9 14 19 2 16 14 6 15 4
int 11 6 16 9 16 17 8 20 15 12 17 2
bool 12 1 0 1 0 1 0 0 0 0 0 0 1
char 14 b t q h i t h p p m e j e o
double 15 0.1 0.23 0.69 0.05 1.43 1.11 0.31 1.92 0.16 0.99 1.71 0.39 1.7 0.36 0.91
char 15 f n r j q d b p s a j c o d d
double 16 0.36 1.09 1.67 0.34 1.39 0.84 0.51 1.49 0.66 0.67 1.1 1.89 1.27 1.73 1.81 0.95
double 17 1.53 0.12 1.25 0.4 1.53 0.57 1.33 0.95 1.39 0.51 0.58 0.94 1.6 1.38 1.29 0.75 1.98
char 17 n c q q g n e e m t c i t c f q h
double 20 0.17 1.53 0.99 1.16 1.84 0.69 0.42 1.03 1.15 1.29 0.57 1.82 0.64 1.52 1.54 1.26 0.27 1.55 0.59 1.52
bool 20 0 0 1 1 1 0 1 1 0 0 0 1 1 0 1 0 0 1 0 1
char 21 m l m n r r g f b t j h t k q f b h t r n
double 22 1.57 1.16 1.82 1.42 1.62 0.08 0.4 1.05 1.7 0.06 0.01 1.19 0.2 1.62 1.17 1.35 1.52 0.94 0.35 0.1 0.31 1.63
int 22 20 3 20 17 10 2 17 11 2 1 3 12 6 11 15 18 14 16 9 2 7 14
double 23 1.15 1.35 1.77 1.34 0.67 0.74 1.8 1.9 0.96 0.06 0.81 0.43 0.72 1.55 0.38 1.75 0.2 1.75 1.86 1.97 1.05 1.37 1.95
bool 24 0 1 0 0 1 0 1 1 0 0 1 1 0 0 0 1 1 1 1 0 1 1 0 1
char 25 b t e c k r i l d e m f s m h r p h b c r e i n p
int 26 10 4 16 9 19 8 10 15 2 18 18 1 10 13 3 4 3 2 13 8 8 9 8 14 13 2
char 27 j q e p f s d d e g p k p h d m l e h q r l k d a t k
char 29 a t r c g d e h e h a r s a j c g b q h g r q g m k h a q
int 31 1 9 19 8 7 18 8 1 20 14 20 17 6 17 5 15 1 18 2 17 1 10 20 5 9 8 1 17 15 3 14
bool 34 1 0 0 1 0 0 0 0 0 1 1 0 1 0 1 0 0 1 1 1 0 0 0 0 0 0 0 1 1 0 1 1 1 0
double 36 1.29 0.22 1.18 0.27 0.8 1.45 0.55 0.02 0.75 0.65 1.36 1.94 0.98 1.93 1.77 0.76 1.42 0.44 0.33 0.69 1.46 0.08 1.81 0.92 0.08 0.05 0.56 1.69 0.86 0.27 1.3 0.92 1.95 0.61 1.16 0.86
int 37 13 13 17 5 9 9 15 18 18 12 10 14 17 11 11 12 12 2 12 11 11 4 16 9 8 4 1 20 18 12 20 4 2 9 17 11 5
bool 37 0 1 0 1 1 1 1 1 0 0 1 0 0 1 0 0 1 1 1 1 1 1 1 0 0 0 0 0 0 1 0 1 1 1 1 0 1
int 38 20 6 19 10 16 15 5 12 5 10 16 20 16 20 12 10 7 9 20 12 2 14 5 12 11 7 15 2 12 8 10 9 17 10 20 10 2 11
int 41 19 1 4 20 8 1 6 15 18 17 15 3 13 19 1 15 8 16 7 14 3 7 4 12 2 2 7 12 19 18 16 19 14 2 14 14 3 9 9 15 1
int 41 3 3 18 12 16 2 19 3 5 5 10 6 4 18 8 17 1 13 6 20 11 10 19 4 2 7 20 3 17 19 15 5 10 13 10 12 6 20 6 5 6
double 41 1.72 1.99 0.91 0.37 1.86 1.66 0.43 0.2 1.29 1.99 0.76 1.13 0.79 1.44 0.35 1.96 1.32 1.97 0.82 0.46 0.83 0.35 1.83 1.15 1.21 1.26 0.23 0.47 0.15 0.28 1.28 1.87 1.7 1.44 0.07 0.99 1.34 1.62 0.47 0.16 0.85
int 41 5 15 2 17 11 20 5 6 7 11 19 6 8 18 18 13 13 9 15 14 17 15 14 9 4 12 8 4 20 18 16 3 10 10 19 9 15 4 2 14 13
double 43 0.67 1.08 1.87 1.73 1.54 1.15 0.07 0.33 1.35 1.01 1.95 1.49 1.39 0.9 0.79 0.65 0.52 0.97 0.89 1.71 0.54 0.56 0.06 1.55 0.5 0.62 1.48 1.35 0.79 1.92 0.99 0.72 1.57 0.52 0.3 0.83 0.06 0.17 1.61 0.75 1.76 1.22 1.02
double 43 0.44 0.91 1.27 1.39 1.54 1.88 1.65 1.23 1.84 1.5 0.32 0.23 1.51 1.53 1.69 0.49 1.12 1.95 1.33 1.43 1.79 1.87 1 0.44 0.72 1.43 0.79 1.53 0.56 0.16 1.21 1.22 1.24 1.96 1.67 1.48 0.03 0.57 1.75 0.04 0.68 1.21 1.83
bool 45 0 0 0 1 0 0 1 1 0 0 1 1 0 1 1 1 0 1 0 0 1 1 0 0 1 1 1 0 1 1 1 0 0 0 0 0 0 0 1 1 1 0 0 1 1
double 45 1.98 0.03 1.77 1.4 0.84 1.2 0.8 0.58 0.16 1.77 1.73 0.08 0.36 0.32 0.37 0.9 0.31 1.03 0.72 0.59 1.28 0.47 0.43 0.78 0.71 1.17 0.4 0.51 0.76 1.62 0.03 0.91 0.54 1.98 1.89 1.92 0.23 0.51 1.75 0.8 0.17 1.04 0.62 0.07 1.36
bool 46 0 0 1 1 0 1 1 1 0 1 0 0 0 0 0 1 1 1 1 0 0 0 1 0 0 0 1 1 0 0 1 1 0 0 0 0 0 1 0 1 0 0 1 1 0 1
int 47 3 7 14 15 18 4 5 13 19 1 2 18 1 14 11 10 19 14 5 4 7 19 17 20 19 3 2 6 9 20 4 4 4 9 12 4 18 9 10 17 14 10 10 20 3 5 8
char 47 k c c b c n l q j q p h b m e f f d h s b o c b o p j e p p q s n t b q l q h p c s s k f o g
bool 48 1 0 0 1 0 1 1 0 1 0 1 1 0 0 0 1 1 1 0 1 1 1 1 1 0 0 0 0 0 0 0 1 0 1 0 1 1 1 1 0 1 0 1 1 1 0 1 0
bool 49 0 0 0 0 0 0 1 1 1 1 1 0 0 1 0 0 0 0 0 1 0 0 1 1 0 0 1 0 1 1 0 0 1 1 1 0 1 0 0 0 0 1 0 1 0 1 1 0 1
bool 50 0 0 1 1 0 1 0 0 0 1 0 0 0 1 1 0 0 0 1 1 0 0 1 0 1 0 0 0 0 0 0 0 0 1 0 0 0 1 0 1 0 1 1 0 0 1 0 0 0 1
bool 51 0 0 0 1 1 0 0 0 0 1 1 0 1 0 0 0 0 0 1 1 1 0 1 0 0 1 1 1 0 0 0 1 1 1 1 1 1 1 1 1 0 1 1 1 0 0 0 0 1 0 1
double 51 0.81 1.55 1.47 1.21 1.56 0.66 0.8 0.35 1.75 0.47 0.79 1.14 1.35 1.93 0.35 1.49 1.79 0.46 1.43 1.86 1.58 0.51 1.12 0.69 1.48 0.97 1.66 1.16 0.85 1.29 1.61 1.61 0.33 0.56 0.84 0.55 0.71 1.64 0.87 1.73 1.1 1.76 1.21 1.84 0.65 0.2 1.6 1.43 1.72 0.37 1.95
bool 51 1 1 1 0 0 0 0 1 1 1 0 1 0 1 1 1 1 0 0 1 1 0 0 1 0 0 0 0 1 1 0 0 0 0 1 0 0 0 0 1 1 1 0 1 0 0 1 0 1 0 0
char 55 t o m m a b h g l m d l j t m h s e c j d s s n j c f j f g d s i f l t k p m k o o d f k o d b b j g e j h i
bool 56 1 0 0 1 0 1 0 0 1 0 0 1 0 1 0 1 0 0 0 1 0 0 0 0 1 1 0 0 0 0 1 1 1 1 0 1 1 1 1 0 1 1 0 1 0 0 0 0 0 1 1 0 1 1 0 1
double 57 0.35 0.83 0.25 1.77 1.43 1.92 1.85 0.63 0.69 1.08 0.36 1.65 1.25 1.11 1.92 1.4 1.95 1.02 1.69 1.05 1.03 1.15 0.76 1.86 1.94 0.47 0.35 1.19 0.03 1.75 0.32 1.36 1.79 1.97 1.78 1.39 0.59 0.63 0.18 1.25 1.97 0.01 1.83 0.53 1.86 0.1 1.73 1.76 1.64 0.33 1.63 1.64 1.45 1.55 1.9 0.51 0.32
char 58 p l l e o p t g t b t m f r e b g h e n k g g t l e b c b r a k r f f e e j o m a j e p l s q s c t i a a a o o a c
int 59 15 7 17 11 11 12 18 19 12 19 5 11 8 15 18 1 20 7 3 2 18 9 8 12 9 19 15 15 18 1 3 1 12 1 20 13 18 19 19 2 6 17 17 1 17 4 14 3 10 13 15 6 11 6 1 15 3 18 3
int 60 15 9 5 11 9 20 15 2 9 11 5 4 2 7 19 14 3 19 7 1 3 14 12 15 12 12 5 19 17 15 5 5 12 19 17 7 2 10 20 9 2 7 18 20 16 15 12 17 3 3 11 12 20 6 11 19 12 6 19 12
int 61 10 19 19 11 2 2 7 16 13 6 13 17 17 13 14 3 1 11 17 10 12 14 5 16 4 17 16 9 11 9 18 4 3 12 20 13 17 6 9 11 10 13 8 13 16 10 7 9 7 11 10 1 14 8 12 20 6 12 3 18 2
char 62 m b k e a t i t p o a j t n n k a g l j b o m d n t i e m b a n m s b n n s o j n k c n f i j r r s i q n n g n p g i h s i
bool 64 0 0 0 0 0 1 0 1 1 1 1 1 1 1 0 1 1 1 0 0 1 1 0 1 0 1 1 0 1 1 1 1 1 0 0 0 0 0 1 0 1 0 1 1 1 0 0 0 1 0 0 0 0 0 1 1 0 0 0 0 0 1 0 0
char 65 d t j t t k c p b d t q o p g f f g j m d r k k m a i p m f s q h i q l t p j n f p e t b i r d t b k m a a r f p e j t f e b j l
int 67 9 20 4 3 4 19 5 17 15 10 12 16 11 20 1 17 14 8 6 19 11 6 20 8 19 17 14 2 10 7 10 16 2 18 19 16 8 20 8 9 1 20 12 19 20 12 14 13 7 14 20 15 4 20 14 13 2 16 16 8 20 20 2 18 10 4 14
bool 68 1 1 0 0 0 1 1 0 1 0 0 1 0 0 1 1 1 1 0 1 0 0 1 0 1 1 1 0 0 0 1 0 1 1 1 1 0 1 1 0 0 1 1 0 1 0 0 0 0 0 0 0 1 0 1 0 1 1 0 0 1 0 1 0 0 1 1 0
int 70 10 11 8 16 6 13 4 19 18 1 7 18 12 7 4 2 9 14 5 10 3 4 14 18 9 1 12 13 2 3 2 18 5 13 19 1 16 1 7 8 17 19 13 5 11 4 2 8 6 20 15 4 15 6 12 7 16 6 4 5 10 9 8 3 17 9 9 14 19 18
int 70 19 4 8 9 3 10 11 11 13 16 2 1 17 9 9 20 2 5 12 11 8 8 20 11 16 8 5 3 5 19 10 3 13 1 2 20 20 1 5 18 10 3 20 1 14 3 8 20 5 13 17 7 4 5 18 11 1 15 16 3 7 18 4 18 5 2 5 12 9 15
char 70 j a d k j n n c l d q p f s d i o b o o f c k t k e i l j o f j n e m r k l j c e i q g j n b b h d a j a p e r h m f l t q s j h m f a m b
char 72 b p l h j a l k j n r m a q f r a h a r m d n g f l r c c q n p k r a n d c b e i j n h p o b a m e o e m q s t o r k a a t b f i f n d q f e b
double 72 1.15 1.35 1.5 0.99 1.32 0.32 0.15 1.37 1.24 1.46 0.53 0.96 1.61 0.24 0.24 0.43 0.32 1.56 1.87 1.98 0.89 0.29 1.54 1.68 0.21 0.01 0.63 0.11 1.1 0.75 1 0.49 0.19 0.83 0.29 1.45 0.67 0.73 1.75 1.31 1.98 1.61 1.85 0.24 1.43 1.73 0.09 0.3 0.56 1.76 0.52 1.21 0.98 1.12 0.2 1.93 1.01 1.23 1.02 1.65 0.81 0.83 1.75 0.91 0.5 0.79 0.27 1.44 1.13 0.51 0.09 1.14
int 73 18 15 9 10 7 14 13 1 17 18 12 18 1 18 9 20 11 14 10 5 6 20 4 16 5 13 18 7 4 5 13 10 8 10 11 19 4 17 19 20 19 1 6 16 4 10 6 19 8 3 2 12 10 20 18 5 9 14 5 20 10 3 14 8 14 10 9 15 20 5 10 15 20
double 77 0.68 0.24 0.18 1.71 1.97 0.67 0.3 0.27 1.98 0.97 0.09 0.99 0.69 1.95 0.97 1.1 0.58 0.7 0.23 0.87 1.6 1.18 0.98 0.98 0.24 1.66 1.62 1.74 1.83 0.91 0.24 1.05 1.69 0.39 0.01 0.83 0.62 0.86 0.4 1.63 1.29 1.03 0.08 0.01 1.89 1.35 1.13 1.42 0.89 0.6 0.41 1.77 0.86 1.26 0.28 1.3 1.25 0.89 1.92 1.32 0.65 1.47 0.81 1.66 0.69 0.8 1.75 1.96 0.04 0.77 1.26 0.29 0.99 0.66 1.97 1.32 1.23
double 78 1.64 1.35 0.11 0.87 1.42 0.42 0.71 0.6 0.43 1.94 1.26 0.39 0.53 0.86 1.06 1.98 0.76 1.93 1.17 0.69 1.68 0.07 0.85 0.33 1.67 0.7 1.21 1.07 1.69 0.62 1.68 0.09 0.89 1.59 0.63 0.25 0.81 1.32 0.74 1.92 1.19 1.88 1.38 0.02 0.66 0.42 0.98 1.33 0.8 1.23 0.26 0.23 1.97 1.84 0.49 0.42 1.33 0.76 0.53 1.24 0.35 1.35 1.98 0.72 1.25 1.93 0.6 0.1 0.59 1.87 0.54 1.79 0.66 1.33 0.07 0.67 0.92 0.26
bool 79 0 0 0 1 1 1 1 0 0 1 1 0 1 1 0 1 1 0 1 1 0 1 0 0 1 1 1 0 1 1 1 0 0 1 1 1 0 1 0 1 0 1 1 0 0 1 1 0 0 0 0 1 1 0 0 1 0 1 0 0 0 0 0 1 0 0 1 0 0 0 0 0 0 1 0 0 1 1 0
bool 79 1 0 1 0 0 0 0 1 0 0 0 0 0 1 1 0 0 0 1 0 1 1 0 0 0 0 0 0 1 1 0 0 0 0 0 0 1 1 0 1 0 1 1 1 1 1 0 0 1 1 1 1 0 1 0 0 1 1 0 1 1 1 1 0 1 1 0 0 1 0 1 1 1 0 1 0 0 1 0
char 79 l b b j c h s c c l i h t k g h g i t k s l a q e t j d q e t i l r o s q e k b b j j n l f h f a p g g f b b m n o h f j n d e a d o l a h j k p a k j d g t
double 80 0.08 0.86 0.15 0.89 1.01 0.5 0.44 1.64 0.34 1.77 1.67 0.47 1.1 1.99 0.57 1.19 1.05 1.95 1.35 0.39 0.6 0.42 0.54 0.98 1.85 0.29 1.29 1.41 0.24 1.25 0.22 1.38 1.08 0.78 1.79 0.77 1.45 0.49 1.31 0.74 0.04 1.71 1.07 0 1.69 1.32 0.53 1.32 0.59 0.26 1.26 1.68 1.53 0.8 1.11 0.9 0.95 0.67 0.27 1.94 1.49 1.27 0.17 1.16 1.65 1.76 1.89 1.5 1.14 1.55 0.11 0.85 1.51 0.8 0.14 1.51 0.41 1.91 0.59 1.21
int 81 2 17 14 11 18 3 8 7 17 4 7 11 7 7 2 12 4 9 9 6 12 9 12 7 1 12 8 1 12 1 18 15 20 5 11 15 13 13 11 20 18 17 3 17 15 11 2 12 8 11 6 20 8 11 4 7 6 16 7 1 9 2 10 19 16 18 20 7 9 3 5 11 20 4 3 14 9 8 12 5 4
bool 81 1 1 0 1 0 0 0 0 0 0 1 0 1 1 0 0 1 0 0 1 1 0 0 0 1 0 0 0 0 0 0 0 0 1 0 0 1 1 1 0 0 1 0 0 0 1 1 0 0 0 0 1 1 1 1 0 0 1 1 0 0 1 1 1 0 0 0 1 0 1 0 1 1 1 0 1 0 1 1 0 1
double 82 1.2 1.71 1.8 0.52 0.72 1.91 0.85 1.13 0.99 1.08 1.16 0.76 0.95 0.45 1.4 0.23 1.28 0.59 1.99 1.88 1.46 1.07 1.24 1.23 0.63 0.02 0.31 1.13 0.52 1.79 0.69 0.86 1 0.98 0.76 1.4 0.59 0.07 0.94 1.01 0 0.77 1.47 0.83 1.47 1.5 0.68 1.27 0.78 1.02 1.72 1.34 1.37 1.25 1.77 0.18 0.36 0.15 1.03 1.35 1.87 1 1.36 0.09 0.29 1.44 0.47 1.35 1.4 0.72 0.33 0.96 0.92 0.64 1.85 0.65 0.99 1.8 0.33 1.47 1.97 0.35
char 86 j g p d m s t r p f b p p m l l f k p g c q l n b j s n p o m j o p m h g s q f t h n h n t r e c g q d q r d l r k k e t g a p h d i b h m b j m l h k f i b d j o p c b a
bool 86 0 1 1 0 1 1 0 1 0 1 1 0 0 1 0 0 0 0 1 1 1 0 1 0 1 0 1 0 0 1 0 0 1 1 1 1 1 1 1 1 0 0 1 1 0 0 0 0 1 0 1 0 1 0 0 0 0 0 1 1 1 1 0 1 1 0 0 1 1 1 1 1 0 1 1 0 1 0 1 1 0 0 1 0 1 1
char 87 s f b l t n s h f l m b m i s e p a s b c p m o k j a t o k k b d f c p r e n h s j j k o e k o c b o k e i d r k c s r a n n l k e f o j q k n k g c t l p k b r t n f b a l
double 87 0.01 1.51 1.39 1.75 0.31 0.32 0.42 1.15 1.41 0.84 0.5 0.11 1.34 1.07 1.41 1.06 0.55 1.75 1.44 1.97 0.84 0.06 1.06 0.17 0.23 0.11 1.22 0.69 1.65 0.9 1.77 0.67 1.22 1.51 1.43 1.79 1.18 1.35 0.55 1.53 0.87 0.57 1.41 0.28 1.35 1.81 1.75 1.03 0.39 0.43 0.77 0.63 1.02 1.09 1.88 0.69 0.95 1.18 1.23 1.57 0.75 0.29 0.58 0.21 1.11 1.28 1.11 0.08 1.75 0.01 1.15 0.25 0.17 0.33 0.66 1.58 1.71 0.8 1.71 1.77 1.76 1.58 1.8 0.1 0.83 0.89 1.92
int 88 8 12 9 4 18 15 17 6 4 13 11 6 10 2 3 15 19 3 19 18 3 5 19 17 18 18 2 5 10 4 17 3 19 15 9 14 2 9 7 18 7 3 18 18 19 4 1 6 7 15 15 18 9 18 14 8 8 9 4 20 16 11 6 2 7 9 5 10 7 18 17 8 4 19 13 7 7 16 18 4 14 17 3 3 2 5 8 6
double 89 1.54 1.93 0.22 0.77 0.16 1.95 0.67 0.59 1.89 0.72 1.94 0.24 1.91 1.81 1.1 0.74 0.45 1.08 1.41 0.2 0.96 1.03 1.08 0.93 0.99 1.73 0.36 1.56 0.7 0.41 0.13 0.66 1.17 1.53 1.47 1.79 0.5 1.34 0.42 0.95 0.75 1.93 1.34 0.67 0.43 1.77 1.04 1.31 0.41 0.04 0.67 0.23 1.04 1.77 0.58 1.63 1.12 1.89 1.95 0.44 1.92 0.13 0.11 0.08 0.26 1.44 1.63 1.74 0.01 1.91 0.54 0.61 0.29 1.51 1.39 0.95 0.26 1.07 0.77 1.69 0.13 0.2 1.42 1.23 1.12 1.96 1.28 1.21 0.72
double 90 0.49 0.71 1.84 1.51 1.02 0.05 1.11 0.14 0.21 1.64 1.47 0.66 0.49 0.65 0.81 0.89 0.74 0.72 0.09 1.95 1.02 1.6 0.42 0.92 0.47 0.06 1.68 1.75 0.48 0.84 1.71 0.3 0.27 0.19 1.57 1.8 0.21 0.03 1.79 0.7 0.23 0.69 0.98 1.57 1.75 1.99 1.35 1.46 1.67 0.29 0.05 1.79 0.89 0.51 1.01 1.08 0.29 1.69 0.59 0.99 1.47 1.76 1.33 0.48 1.19 1.33 0.89 0.34 1.55 0.08 0.14 0.22 0.76 1.4 1.29 1.83 1.41 0.86 0.55 0.18 1.22 1.42 1.19 1.93 1.86 0.87 1.99 0.66 0.49 0.79
char 90 p b j p s j t f a d p n j g n a h h d i l d b r i o s l g p g o j h s e q a a k k e l h a m a j n p e c e t f p q i o k f k n c s e p o b d e i e d b s a a f i f p r r k a b q s s
double 91 1.1 0.14 0.98 0.46 0.53 1.5 0.02 0.57 0.7 1.22 0.02 0.86 0.3 1.67 0.44 0.54 0.18 0.62 0.1 0.44 0.54 1.87 1.63 0.39 1.07 1.03 0.1 1.54 0.57 1.31 0.37 1.99 1.83 0.62 1.48 0.09 1.54 1.92 0.85 1.73 0.15 1.74 1.48 1.34 0.02 1.38 1.18 0.78 0.86 0.05 1.84 0.82 1.78 1.51 0.35 1.1 1.82 1.98 1.81 0.37 1.71 1.49 1.92 1.13 1.71 1.58 0.5 0.65 1.7 1.82 0.98 0.8 0.06 0.8 0.1 1.46 1.23 0.25 1.14 0.83 1.8 0.77 1.95 1.83 1.43 0.05 1.29 0.81 0.62 0.61 1.59
bool 92 1 0 1 1 0 1 1 0 0 1 1 1 1 0 1 1 1 1 1 1 1 0 1 0 1 0 0 1 1 1 1 1 1 1 0 0 1 1 0 1 1 0 0 1 1 1 0 0 1 0 1 0 1 0 1 0 0 0 1 0 1 1 1 0 0 0 0 0 0 0 0 1 0 1 0 0 1 0 0 1 0 0 0 0 0 1 1 0 1 1 0 1
char 94 a k c m j f r j t b m r q c b m n l i i p k f l s k e s a p i n h m r b l c o n t n a i s l t l f a e f m n s q t t h i n m e p b l k h e c r p h h c b i k f h m i d d k g a j d c l c o o
char 94 j j g m s r d c h h s l e a r f n j t o k g f t e s d p l j q b b d h k f o j i q b e t n a t e c f p a r a d i b g n k r k j b m f h f l o a g c s e o e t g n b q t a c a a l h r p e h f
int 94 9 8 3 7 5 1 3 8 7 7 12 18 7 14 6 7 14 3 18 16 6 15 15 1 17 14 15 6 20 12 13 18 19 17 16 8 1 7 4 2 7 10 19 7 3 9 7 4 8 17 12 15 8 1 6 7 10 15 17 15 9 6 9 18 13 6 19 10 19 2 19 8 13 2 4 18 1 15 14 7 20 9 4 8 6 2 12 7 1 9 11 11 20 14
char 95 i o o m s c e j l q f t n n i i r t i m o k m j a a o o q r a m h r d c r m p g l n n n t s g k d c j p t p k t a i r n q e d h j q q g a m b l s j e p g l j m f h i s g k n f p n l t f h q
double 96 1.46 1.01 1.66 0.05 0.62 0.6 0.93 1.95 1.18 0.03 0.6 0.43 1.72 0.85 1.35 0.99 0.21 1.31 0.89 1.59 1.06 0.07 1.12 0.07 0.21 0.23 0.29 0.49 0.89 0.09 0.08 1.75 1.23 1.61 0.1 0.23 1.04 1.49 0.05 0.07 0.1 0.08 1.6 0.88 1.97 0.32 1.02 1.99 0.34 0.29 0.06 0.56 1.44 1.33 1.15 1.5 1.73 0.73 0.25 0.83 1.34 0.76 1.06 1.38 0.4 1.4 1.78 1.45 0.51 0.07 1.5 0.33 1.33 1.54 1.11 0.72 1.35 1.72 1.84 1.22 1.09 1.19 0.8 0.82 1.63 0.04 1.44 1.23 1.84 0.01 1.15 1.01 1.52 0.99 1.81 0.35
double 96 1.27 0.79 1.99 1.94 0.66 0.61 1.63 0.87 1.48 1.43 0.72 0.96 0.71 0.21 0.15 1.25 0.76 0.23 0.59 1.35 1.04 1.56 0.2 1.16 1.18 1.39 0.76 1.49 0.84 0.95 1.9 1.1 0.39 1.93 1.11 1.76 0.57 0.2 1.67 1.62 1.66 0.66 0.21 0.59 1.14 1.99 1.09 1.96 0.36 1.88 0.59 0.89 1.78 0.06 1.51 1.31 0.4 0.17 0.65 1 0.53 0.46 0.25 0.09 1.06 0.24 0.67 0.12 1.28 0.51 1.61 1.02 0.11 1.36 1.19 1.13 1.71 1.55 0.95 0.01 0.85 0.72 0.96 0.77 0.16 0.27 0.99 0.19 0.44 1.78 0.49 1.78 0.89 0.76 1.05 0.73
int 99 14 17 1 20 6 20 3 12 5 5 13 17 19 9 13 12 19 11 17 17 7 20 8 13 16 3 8 18 11 4 3 9 11 13 5 6 11 6 14 9 16 18 9 20 8 15 12 13 7 7 13 3 19 8 4 14 3 3 10 6 11 7 19 5 9 16 2 18 13 6 10 13 16 19 18 5 3 9 16 20 8 20 14 20 2 13 1 14 9 15 9 10 5 17 15 8 18 6 2
int 100 10 3 5 1 3 13 20 9 11 7 13 17 11 7 5 20 6 18 1 19 3 9 13 18 16 8 9 20 20 6 8 5 7 20 18 12 1 3 14 10 6 16 16 8 1 13 5 11 12 10 8 3 9 2 15 7 11 9 19 14 18 7 14 17 15 1 20 10 17 7 11 13 7 14 2 19 5 14 5 14 4 15 4 8 10 1 20 18 2 9 3 13 5 15 19 13 15 7 5 4
bool 100 0 1 1 0 0 1 0 0 1 0 0 1 0 0 0 1 1 0 1 1 1 0 1 1 1 0 1 1 0 0 0 1 1 1 1 0 0 0 0 1 1 1 0 1 1 1 1 0 0 1 1 0 1 1 1 1 1 1 0 1 0 0 1 1 0 1 1 0 0 1 1 0 1 1 1 1 1 1 1 1 0 0 1 1 1 0 1 1 1 0 0 0 0 0 0 1 0 1 0 0
char 100 r d m g e m e h m r b c d a q s b f c s s j l t b r h t j m h r n t q l f h l k q l l r n o l s p j p d e d n c p h q h a g f g p i q f i f p t a o g a c s s s m a l e o f j a s h n q n p k l d m l c
bool 102 1 0 0 1 1 0 0 0 1 1 0 0 0 0 1 0 1 0 0 1 0 0 0 0 1 0 0 1 0 0 0 1 0 0 1 1 0 0 0 0 0 0 0 0 1 1 0 1 1 1 1 0 0 1 1 1 0 1 0 1 1 1 1 1 1 1 1 0 1 1 1 0 0 0 1 0 0 1 1 1 1 0 1 0 1 0 1 0 1 1 1 0 1 1 1 0 0 1 1 0 0 1
char 103 k f p c m k n j o d n q j k a e k n g e s c a j r s b c o r t l m d q k f g f k t q c e j g g h e s a i t s s e o b g l j e e r n o t s b i b c a m s b d o l r f p b d l q s o o d c a j o l l d g c p i t e
int 105 10 8 7 14 16 4 8 13 20 8 12 4 15 12 11 15 5 19 13 10 12 3 7 1 14 10 1 14 8 1 11 8 4 8 12 2 17 6 2 9 9 15 8 7 13 18 1 15 5 13 13 13 10 19 11 7 5 15 14 14 17 18 6 6 12 3 14 18 19 12 4 17 11 15 18 2 8 9 9 17 5 3 16 2 17 5 10 5 8 5 15 18 17 13 10 3 16 7 5 16 17 9 10 17 17
int 106 7 7 20 11 10 5 17 13 8 14 10 17 7 7 19 1 18 2 9 15 7 2 6 4 13 5 3 20 15 20 12 3 8 10 11 18 19 1 2 19 1 8 14 11 6 12 5 4 4 13 1 4 17 11 14 8 2 5 6 9 9 3 17 12 6 6 14 13 2 9 8 13 2 17 12 12 2 10 20 8 12 4 7 8 1 3 1 6 11 20 7 11 3 2 7 1 15 3 3 18 20 3 9 13 5 15
char 106 r o f m k q j h h f f f n e b a f l c c i n j j g l a r i j j m f c r r p c p q d b t t m m q a o f d a e g g p l a s p d a q r p g g t a h f e n j n f b d j h s n r d e c q n a b j m j m k d a p n r n k d g f e
char 107 e o d b s b e g k d f t l l m o n c o j s k o a j i o q i o g r l r p m a f b f q l t h n b e k d n t r o h q q d i e k m h r g d i t e n m g b e r q b t s p e f i m o m c i r o i t a c d l o t n b f l f n q p b t
int 109 10 17 12 7 20 8 8 9 6 13 5 14 17 4 12 15 16 9 20 10 7 17 20 5 10 11 7 12 3 19 10 16 2 11 15 1 4 4 5 19 3 14 10 12 15 17 4 7 8 12 20 6 19 15 1 5 12 20 5 2 14 9 5 6 14 12 19 15 9 11 8 2 11 5 3 11 4 6 14 7 6 5 12 6 4 20 6 2 17 15 9 10 11 9 11 8 15 18 9 5 16 3 18 4 3 15 9 11 7
double 109 0.31 0.02 1.51 1.03 0.63 0.59 1.21 0.61 1.74 0.03 1.95 0.31 0.68 1.35 0.51 0.38 0.57 1.17 0.54 1.79 0.13 1.99 0.23 1.54 1.71 0.34 0.07 1.42 0.38 1.25 0.07 0.06 0.72 1.89 0.32 1.33 1.67 0.17 0.22 0.65 1.02 1.54 1.04 0.73 0.99 0.07 1.82 0.78 0.57 0.35 1.21 1.78 1.99 1.13 0.38 1.32 0.14 1.99 0.87 0.75 0.99 1.23 1.36 1.39 0.27 0.05 1.89 1.24 1.97 0.67 1.4 0.1 0.52 0.14 0.79 0.45 1.62 0.84 0.18 0.17 0.45 0.7 1.01 0.35 0.85 1.39 0.22 0.99 0.1 0.38 1.24 0.43 1.49 0.05 0.45 0 0.52 1.07 1.84 0.42 0.32 0.59 1.92 1.85 1.55 0.22 1.89 1.47 1.02
char 109 p d l p d n o s r q t g h b s q i f d s b r e q e j i h f r j q g d l c q l c c n m s i j s h l n t h h n n a c h i m t s g n q q s i h n a g j n c i k l k h a b l g r b s p b f l m b b o a h a f g e g c s n g b o k g
