int 10 preorder 78 84 86 81 25 45 54 38 73 18
int 10 preorder 28 9 99 74 19 64 97 80 14 98
int 11 inorder 49 89 36 30 25 91 98 24 33 2 49
int 12 inorder 53 12 52 70 66 87 21 40 60 2 33 19
int 14 inorder 2 72 38 53 76 26 80 94 89 18 84 14 74 51
int 15 preorder 4 57 23 83 84 11 32 48 90 68 99 63 91 14 19
int 16 postorder 69 74 80 71 42 64 68 96 10 52 63 49 12 19 7 64
int 16 inorder 83 2 30 59 73 56 3 11 64 9 35 78 92 63 50 92
int 17 inorder 64 56 95 38 38 12 5 34 53 16 62 75 41 42 11 25 80
int 18 postorder 93 64 88 55 9 70 86 17 77 50 7 50 83 8 39 63 88 73
int 18 preorder 89 96 24 61 41 86 89 29 88 83 51 81 38 83 15 65 58 85
int 18 preorder 77 36 88 98 26 88 6 83 67 23 67 97 2 34 6 23 30 63
int 19 postorder 41 3 11 80 40 55 57 72 16 15 88 89 98 66 63 33 44 89 52
int 19 postorder 40 64 19 26 30 59 5 7 88 18 27 17 95 97 42 10 2 87 76
int 19 preorder 95 31 22 29 82 14 62 75 3 48 67 66 11 6 47 53 34 13 56
int 19 inorder 31 9 12 59 56 59 65 12 20 90 26 15 78 50 93 96 14 5 3
int 20 postorder 66 43 17 56 86 88 88 4 64 27 8 38 65 53 89 46 95 28 30 13
int 20 postorder 47 30 7 52 65 59 55 34 62 86 60 28 90 66 39 55 46 57 59 37
int 20 preorder 41 66 32 24 63 71 6 78 31 9 90 95 11 76 6 93 30 79 2 85
int 22 inorder 46 57 42 48 55 59 1 16 22 50 26 37 84 27 43 39 85 26 43 74 27 3
int 22 inorder 81 41 34 45 7 3 8 96 12 60 90 57 58 22 43 77 87 6 29 21 61 33
int 22 preorder 26 20 55 27 86 69 63 80 44 98 51 22 54 23 70 47 84 31 89 27 29 4
int 22 inorder 37 77 78 82 63 70 69 24 51 94 68 88 33 82 29 96 22 78 29 7 9 55
int 26 preorder 20 7 54 97 5 8 38 48 15 47 16 9 44 87 71 93 51 62 83 58 35 50 31 46 92 24
int 29 inorder 22 5 7 29 8 65 64 93 11 93 31 33 88 99 80 94 43 50 48 39 47 86 49 28 13 81 29 3 48
int 29 postorder 72 22 13 85 89 94 23 58 82 71 22 28 55 53 26 49 82 32 38 68 37 79 51 12 69 53 5 28 98
int 31 postorder 74 47 28 8 96 18 37 96 64 98 72 25 11 91 79 19 58 73 34 97 2 78 1 19 91 4 55 46 79 21 24
int 31 inorder 61 67 16 75 64 39 3 80 90 32 94 75 49 26 80 28 18 29 9 39 52 56 14 59 22 73 90 61 61 55 55
int 33 postorder 91 64 74 18 16 57 55 9 64 34 30 85 4 25 30 69 34 10 33 74 88 29 86 14 33 46 52 23 77 7 99 6 75
int 33 postorder 97 88 43 78 31 95 8 34 95 67 92 60 63 93 52 23 26 5 62 19 33 61 41 56 24 42 20 49 26 23 5 99 69
int 33 preorder 52 21 15 12 3 30 10 97 76 79 78 38 79 21 10 49 4 57 7 4 99 54 76 29 59 45 13 44 69 10 8 41 83
int 34 postorder 7 19 71 97 37 58 81 14 87 87 21 7 40 42 21 67 61 23 31 45 35 11 81 12 75 58 63 40 98 51 52 84 7 18
int 37 inorder 77 17 5 48 59 90 91 59 38 30 4 76 95 33 92 13 10 85 38 66 63 16 68 54 84 78 35 15 73 97 96 71 12 71 10 82 93
int 38 postorder 17 38 86 10 82 27 2 69 46 1 40 7 64 5 33 26 75 4 40 79 48 30 71 53 6 97 72 97 31 2 72 18 73 49 53 47 72 74
bool 40 postorder 0 1 0 1 1 0 1 1 1 0 1 0 0 1 0 1 0 0 0 0 0 1 1 1 0 0 1 1 0 1 1 0 1 1 0 1 1 1 1 1
int 41 preorder 82 63 35 43 87 30 11 84 49 40 12 35 52 88 40 5 10 49 84 19 3 35 67 42 86 89 61 70 59 58 22 82 48 23 71 46 26 74 2 48 23
int 43 postorder 75 70 91 25 28 96 9 9 30 12 12 39 50 91 83 25 83 82 10 3 99 8 80 24 57 48 20 26 25 42 45 77 69 21 13 55 29 41 52 14 12 24 75
bool 44 preorder 0 0 1 1 0 0 1 1 0 1 0 0 0 1 1 1 0 0 0 1 0 0 0 1 1 0 0 0 1 1 0 0 0 1 0 0 0 0 1 0 0 0 1 0
double 44 postorder 8.39 8.94 0.34 3.39 3.62 6.57 3.4 4.95 4.96 4.72 6.03 7.56 0.56 1.08 9.53 5.33 2.5 7.35 6.44 7.89 8.1 0.93 8.41 6.35 7.14 4.02 9.89 5.51 4.78 2.49 0.78 8.81 7.76 5.3 3.04 9.93 1.72 3.02 9.88 0.34 8.15 4.76 2.75 8.93
int 44 inorder 98 21 3 37 25 4 7 25 75 68 80 21 84 2 92 21 81 58 92 87 74 2 74 40 31 78 85 54 94 77 97 13 13 91 94 50 88 36 20 45 90 59 82 19
bool 46 postorder 0 1 0 1 1 0 0 0 0 1 0 0 1 1 1 1 1 1 1 1 0 1 1 1 0 1 1 1 1 0 0 1 1 0 0 0 1 1 0 0 0 0 0 1 1 1
char 47 postorder a e l m r p k t b r a h c o r f d d p i s r o r p e f h h d i g l r l l d n a b h e i j m j g
bool 48 inorder 1 1 0 0 0 1 0 0 1 0 1 0 1 0 1 1 0 1 0 1 0 1 1 0 0 1 1 1 0 0 0 1 1 1 1 1 1 0 0 0 0 0 1 0 0 0 1 1
int 48 inorder 86 99 7 63 8 57 94 36 78 28 29 72 57 98 94 25 38 31 53 61 12 69 51 80 78 57 63 66 79 54 80 85 60 63 87 89 23 3 85 27 73 3 37 85 38 16 23 36
double 49 postorder 1.21 3.51 2.82 8.5 0.67 7.67 1.55 3.33 6.84 9.69 3.23 1.14 4.33 1.97 8.07 5.84 2.54 8.83 3.94 5.31 8.4 5.53 9.42 9.93 8.68 9.56 8.95 2.25 4 3.69 3.34 9.17 6.19 6.49 5.85 2.77 3.86 4.53 9.28 2.11 3.15 0.06 7.7 3.64 0.2 9.82 3.01 0.82 6.21
int 51 preorder 46 19 58 14 91 33 88 65 44 30 72 22 80 76 25 77 53 43 27 62 25 64 72 71 84 19 8 47 49 29 48 36 69 12 99 76 48 34 37 95 49 42 75 4 57 11 31 31 16 9 73
char 52 preorder p g f d b g t h n a b q e n m f j k c k l k b r n c i j e a d r t j n p b i k e k h i m p f h b a q r l
int 55 inorder 29 67 54 16 31 73 19 96 40 35 26 21 80 50 97 91 46 15 49 56 95 57 17 36 46 94 32 23 42 58 99 57 92 99 67 83 30 60 87 54 16 50 67 67 4 54 55 21 95 96 35 56 67 73 73
char 55 preorder h q d k m c m e e h n o b t e p o t l e q e o b d r s i a n k c e q l b r l h b g f h s l k o i m k f g r a e
double 56 inorder 7.98 0.89 9.92 1.29 6.25 1.77 6.38 3.78 5.07 4.49 9.88 2.88 9.63 9.83 7.9 3.52 0.47 4.82 4.94 8.68 1.71 7.21 8.65 0.82 8.34 3.3 9.72 6.11 0.56 4.51 0.12 3.25 5.99 6.21 6.45 5.24 2.21 1.37 6.35 4.99 8.7 5.82 8.31 9.36 1.58 5.53 5.12 5.12 9.23 3.79 1.09 5 7.06 4 0.54 3.29
int 56 postorder 42 65 50 31 16 48 11 7 18 12 96 57 76 27 76 74 10 87 44 61 62 96 68 67 23 18 9 88 2 34 28 45 12 85 87 12 53 40 8 22 35 65 46 4 22 39 30 37 56 30 38 48 27 78 50 44
bool 58 inorder 0 0 0 0 0 0 0 1 0 0 0 1 0 1 1 1 1 0 1 0 0 0 1 1 0 0 0 0 0 1 0 1 0 0 1 1 1 1 0 0 1 1 1 1 0 1 1 1 1 0 0 0 0 0 1 1 0 1
int 61 postorder 4 71 87 15 1 42 23 90 51 4 56 28 34 98 55 39 49 62 33 63 81 36 24 13 93 86 69 93 87 23 42 94 96 75 8 39 76 15 35 40 94 44 78 96 43 37 26 30 70 55 84 49 14 64 52 62 60 92 43 83 75
bool 62 postorder 0 0 0 0 0 1 0 0 0 1 1 1 1 1 1 0 1 0 0 1 1 1 1 1 0 0 0 0 0 1 1 0 0 0 0 1 0 1 1 0 1 0 0 0 0 1 0 1 1 0 1 0 0 1 0 0 0 0 0 1 1 1
bool 63 preorder 0 0 1 1 0 0 0 0 0 1 0 0 0 0 0 1 1 1 0 0 0 1 1 0 0 1 0 0 1 0 0 1 0 0 0 1 0 1 0 1 1 0 0 1 1 1 1 1 1 1 1 1 0 0 0 1 0 0 1 1 0 0 0
double 63 postorder 1.88 5.6 4.96 0.41 3.68 3.41 9.66 8.55 8.85 2.74 2.31 2.54 3.42 3.77 0.44 2.36 8.8 6.63 3.52 5.79 4.53 0.45 5.9 2.85 5.94 9.49 2.35 8.26 4.63 0.33 1.67 2.88 2.82 2.89 9.15 7.93 8.92 1.86 8.15 9.78 6.42 1.49 2.54 4.72 4.63 8.27 8.13 0.81 3.73 0.35 9.13 4.64 1.14 3.44 9.9 1.76 7.37 3.6 1.05 1.34 0.83 6.79 3.55
double 64 preorder 2.86 7.86 0.83 8.04 3.16 9.22 2.89 3.72 7.64 0.19 5.07 9.9 7.91 6.22 8.92 8.58 6.89 2.37 4.78 0.22 8.77 3.06 7.18 2.06 2.46 9.58 0.47 8.51 0.27 4.14 6.22 6.1 3.46 9.76 6.59 2.52 0.74 4.1 9.76 0.81 6.93 2.41 2.3 5.06 0.99 9.09 8.2 4.51 3.81 8.23 0.82 7.72 3.6 9.74 5.23 5.84 4.98 3.73 1.03 1.7 8.35 2.87 1.41 4.48
bool 67 inorder 1 0 1 0 0 0 0 1 1 0 0 1 0 1 0 1 1 1 1 0 0 0 0 1 0 0 1 1 0 0 1 0 1 1 0 1 0 1 1 1 1 0 1 0 1 1 0 1 1 1 0 1 0 1 1 0 1 0 1 1 0 0 0 1 0 0 1
char 68 inorder a p a p n l p m r h e s h h k b o k k q m e g d a p m p l o q r k d s s b f c d o b g l s k m h k g d f l n t f m m i t q k a b i m n f
char 68 preorder f p o g d l a s m r f j r a d n c f o m f b q c g j k m p s n e o n n e f o b t c s d d r t a a h r r j s q c q n c t m h q o e m o f p
int 68 preorder 66 79 94 82 79 61 95 5 73 70 18 46 70 43 46 83 54 94 48 65 40 26 8 98 32 22 98 79 90 80 56 38 45 91 87 32 78 94 65 44 49 67 13 77 39 28 93 14 73 85 23 15 84 1 27 27 52 39 95 67 65 91 39 4 88 5 9 13
char 69 postorder f r b a m b i j n t s j a g p l o r a n f d p s n n n d s b f r i q j s c f q h t j t e a q g c k g p t c b r o h m f q m h k h n h t l q
char 69 inorder h j r t m m s s f g s m k n r o n p e r p r e a f e b c e q s q j o s q b c q m f t b q l q t a d c l b n o l i f k k k s d p i n k o e l
int 73 postorder 90 80 80 27 97 9 22 16 72 6 41 19 37 26 20 91 13 73 47 46 58 46 82 28 89 72 97 84 44 4 47 26 22 67 15 69 43 80 53 22 71 24 96 87 92 72 17 8 53 82 73 27 52 45 60 45 62 58 76 37 84 30 21 2 85 46 7 8 84 56 12 72 51
char 74 preorder t p k i g t c e r e s n l r h c s s j a e e f s e a n s o o s l k i k c i l s b h c k l b l r e j a q a m n q p q i k g p q s a e j d l n o k l p g
char 75 preorder h l e j c r c c e k o s k i g n j k n k k q t a l r d c s s j d s d k p b h a h s f b g i k q l h l d m e m b o j m r o i b d h p d d b n s p d c r f
bool 76 preorder 1 0 1 0 0 0 1 0 1 1 0 0 1 1 0 0 0 0 0 1 1 1 1 0 0 1 1 0 0 0 0 0 0 0 1 1 1 0 1 0 1 1 1 1 1 1 0 0 0 1 1 0 0 0 0 0 0 0 0 1 1 0 1 1 1 1 1 0 0 0 1 1 1 0 1 1
bool 77 postorder 1 0 0 1 1 1 1 0 1 1 0 0 1 1 1 1 0 1 0 0 1 0 0 0 1 1 0 1 1 0 0 1 0 1 1 1 0 1 1 1 1 0 1 1 0 0 1 1 1 0 1 1 1 0 0 0 1 0 0 0 0 1 1 0 0 0 0 0 1 1 1 0 1 0 1 1 0
double 78 inorder 6.72 2.22 9.49 2.6 4.48 6.51 6.93 9.99 8.92 7.81 1.33 5.82 5.35 1.06 1.41 7.7 1.3 5.16 6.08 4.69 2.79 4.39 9.45 5.36 8.32 4.03 0.53 2.65 1.24 2.03 6.05 3.36 7 4.57 9.4 6.61 3.58 6.87 3.49 0.12 1.3 6.2 5.69 5.27 1.2 7.18 5.39 3.27 5.54 3.47 3.58 3.61 1.87 4.09 1.19 1.04 6.7 4.96 3.3 6.15 8.25 5.53 0.65 7.97 3.3 6.54 9.89 0.03 8.84 2.48 9.99 2.16 3.48 5.3 7.49 5.35 0.13 3.46
bool 78 preorder 1 0 1 1 0 1 0 0 1 0 1 1 0 0 0 0 0 1 0 1 1 1 0 0 1 1 0 0 0 1 0 0 1 0 0 0 1 1 0 1 0 1 0 0 1 0 0 0 1 1 0 0 0 0 1 0 1 0 0 0 0 1 0 0 0 1 0 0 1 1 0 1 0 1 0 0 1 0
int 79 inorder 51 13 30 11 80 43 93 90 57 73 89 57 15 50 89 66 51 86 30 86 93 86 50 21 86 87 7 60 42 87 33 16 96 35 12 87 14 84 80 88 54 31 61 68 27 14 35 13 30 2 6 45 91 13 93 63 37 44 64 38 68 92 22 24 78 17 96 7 82 16 75 42 59 1 86 99 19 5 29
bool 79 postorder 0 1 0 1 0 1 1 0 0 0 0 1 0 1 1 1 1 1 0 1 0 1 1 0 0 1 0 1 0 1 1 1 1 0 0 1 0 1 1 1 0 0 1 1 0 0 1 1 0 1 1 1 1 0 0 1 0 0 0 1 0 1 0 1 1 1 1 1 1 1 0 1 1 1 1 1 0 1 1
bool 79 preorder 0 1 1 0 0 0 1 0 1 1 0 0 0 1 1 0 1 1 1 1 0 1 1 0 0 1 1 0 1 0 0 1 0 1 0 1 1 0 0 0 0 1 1 1 0 0 1 1 1 0 1 1 1 0 1 1 1 1 1 0 0 1 1 1 1 1 0 1 1 0 0 1 1 0 0 1 1 1 1
double 79 postorder 9.83 0.15 8.64 5.36 2.73 9.32 0.92 4.65 3.8 7.65 3.99 3.57 2.49 5.76 2.9 9.97 3.97 3.54 3.5 8.8 5.83 3.18 9.03 1.69 6.02 8.55 8.17 2.89 8.68 9.28 1.79 0.54 7.89 8.72 4.95 7.76 2.45 1.69 2.52 2.67 9.39 0.39 9.63 0.16 1.09 3.81 6.81 6.81 1.94 9.99 5.95 3.82 8.57 5.74 2.06 9.73 4.78 6.66 9.4 8.79 3.16 4.19 0.83 8.25 1.65 7.22 9.54 9.26 1.58 3.54 3.7 1.07 2.01 9.06 1.66 6.73 6.58 6.53 3.86
char 82 preorder m n d s s i q p b l m b m c c d e n g b s r f t t h l i o q k t i r t h j j q s m e i b t f k g k s q c t s e j q k l r o t s r q m a l q d q m t h i n l o i h p o
double 83 inorder 1.36 0.92 4.16 3.42 7.25 6.43 3.74 1.52 1.61 0.11 7.86 0.9 1.08 1.58 1.32 2.73 0.74 5.32 1.83 8.69 1.66 8.44 2.44 9.56 5.62 3.02 1.98 7.73 6.49 3.77 3 4.55 7.62 8.15 4.98 6.62 0.2 7.01 4.35 4.83 8.3 4.22 2.6 8.22 6 0.31 4.86 2.16 6.85 9.85 8.72 0.44 5.93 7.55 1.59 0.64 2.07 1.97 5.53 1.24 4.18 1.34 0.75 7.88 1.08 4.13 3.59 7.57 2.62 7.37 2.84 4.8 6.44 9.74 2.51 3.68 9.92 0.11 2.85 7.97 0.23 3.01 7.82
double 85 postorder 1.81 4.18 6.12 5.54 7.33 0.19 0.08 0.95 1.18 7.9 0.9 5.56 7.45 1.53 7.77 5.63 7.97 8.34 7.08 9.05 9.36 7.18 0.84 0.82 1.72 7.4 2.05 7.88 4.14 3.81 1.84 5.55 9.95 9.29 0.93 5.27 5.78 6.28 4.36 9.02 6.37 5.85 6.44 1.34 8.27 3.44 5.5 8.6 6.32 3.69 0.21 7.56 2.41 4.07 1.63 3.49 9.15 1.56 0.42 5.17 1.37 5.9 2.16 8.68 1.79 9.61 1.85 2.89 2.35 1.57 8.9 6.61 0.9 9.12 4 4.28 9.43 1.46 3.43 3.38 7.93 8.07 7.36 7.38 2.83
bool 85 preorder 0 0 1 0 1 1 0 1 1 0 0 1 1 1 1 0 0 1 1 0 0 1 0 1 1 0 1 1 0 1 0 1 1 0 0 1 0 0 0 0 1 1 1 0 1 0 1 0 1 0 0 1 0 0 1 1 1 1 1 1 1 1 0 0 1 1 0 0 0 0 1 0 1 0 1 0 0 0 0 0 1 1 1 1 0
double 86 inorder 7.81 5.98 3.27 3.17 6.69 4.2 5.1 3.01 2.35 4.52 1.7 7.9 0.13 8.06 7.61 8.92 3.82 7.56 2.02 6.26 5.69 1.5 1.7 7.97 9.4 8.47 3.41 4.49 9.4 6 3.67 8.46 7.76 1.57 1.1 3.71 4.83 2.03 0.46 5.23 9.36 1.26 4.14 6.4 7.27 1.02 5.69 0.72 0.72 2.66 6.47 1.79 8.2 8.31 2.27 3.98 4.41 9.97 4.58 4.03 0.99 6.04 7.2 9.12 8.47 3.87 1.23 1.95 8.64 6.49 8.9 3.83 0.84 1.12 6.66 8.69 9.72 2.48 5.48 0.01 1.48 1.44 1.81 1.11 5.88 2.65
char 86 preorder o j q k n k g c t l p k b r t n f b a l n s m c q s o i e i e g i n g r t o l p k l t h t s k p s k j q k p q t m g m b j j e c o n h q j t s s p d p i i q c g p p r q q i
char 86 postorder s c o g f q n t o d l c q c r q t c k h e e a t s o q k o k g o q o t i j o p b e c c d n b j o s c e i t a c n f m l c s j b g a b j i h k d h d p r j s j g f a n j s l a
char 87 preorder j t b l a g t j o b o l a f m r m p e s o o e r n f b a c f k o t e j q h f h h f n p e i g s h o t a f a n a g s k i a m s o e c a k o n m p t a c g e m r f o f d i a f r b
char 87 preorder e c o m d g n q i j o a s s d n f q d n s s r i r a s g o r c e h c g c k d o n m l q h g l r g i k i m g i e b f g o n a e f t o g c p t j k f j n n s a c p i t h r g p p j
char 89 postorder p k c r l n e s d f h c i t t b n o j l e l c f l o b e h g j f b j o m j p c a c m h g i p i e l k h t r a b d t k d j s r p t p g h j f t j l b i j j t t h q n i t n j o p i o
bool 91 postorder 0 1 1 0 1 1 1 1 0 1 0 0 1 1 1 0 0 0 0 1 1 1 1 1 0 1 0 1 0 0 0 0 0 0 1 1 0 1 0 0 1 0 1 1 1 0 1 1 0 1 1 1 1 1 0 0 1 1 1 0 1 0 1 1 1 1 1 0 1 0 1 1 0 1 0 0 0 1 1 1 1 1 0 0 0 1 1 0 1 0 0
double 92 inorder 6.78 7.27 7.95 0.14 2.49 0.48 6.06 8.94 9.21 4.14 4.69 2.96 3.97 8.51 2.82 1.11 2.33 0.7 1.88 1.31 4.82 5.4 3.18 4.09 6.05 3.92 5.04 2.81 9.51 1.11 0.88 7.5 0.43 8.97 7.46 1.01 9.18 1.54 9.41 3.81 2.68 3.14 1.78 4.11 8.06 6.68 5.69 3.23 0.24 5.08 0.9 4.88 6.16 2.93 3.3 5.74 8.47 7.14 9.14 5.29 7.01 5.94 6.26 4.37 9.05 2.55 3.37 6.58 5.49 5.18 1.25 3.89 2.83 3.72 3.42 0.96 9.73 9.21 8.21 7.93 6.03 8.13 3.05 9.84 1.32 5.35 8.37 7.94 7.31 3.33 1.51 1.92
bool 93 preorder 0 1 1 0 0 0 1 1 0 1 0 0 0 0 0 1 0 0 0 0 0 1 0 1 1 1 0 1 1 0 1 0 0 0 0 1 0 1 1 1 1 0 1 1 0 0 0 1 0 0 1 0 0 0 0 1 1 0 0 1 0 1 1 0 1 0 0 1 0 0 1 0 1 0 1 1 0 1 1 0 1 1 1 0 0 1 0 0 1 0 1 1 1
int 95 inorder 49 37 3 32 96 98 24 99 39 49 46 83 52 92 55 3 45 70 79 77 46 7 40 99 21 61 98 27 77 65 19 54 7 22 71 72 78 84 35 82 55 85 77 21 12 2 21 97 50 19 65 88 10 39 25 5 31 68 37 38 61 86 54 15 76 70 98 35 94 3 33 88 54 80 2 69 56 18 47 94 75 29 54 32 26 65 99 23 28 10 41 45 7 11 79
char 96 preorder j f q h s r t h g e l n p l p b a q j d b f c h q b e a n j n c f e q k s p o h n h t l o f g h o a m d d r n b i b c b a f k h q j o s a c h k g h g s q c b l h m k m l a t r b e q h h k t f
int 97 postorder 20 10 39 12 6 3 15 32 39 3 63 75 66 24 32 32 91 2 27 82 74 90 33 25 10 95 10 33 92 94 48 34 85 49 21 70 2 14 8 78 52 15 6 87 56 75 6 29 61 40 77 26 12 70 86 83 83 42 89 19 62 68 41 8 51 65 41 77 30 80 40 54 5 21 69 95 27 66 95 22 86 98 35 33 32 89 80 45 36 6 95 78 14 33 95 53 39
int 97 preorder 20 59 90 81 37 22 3 73 33 65 51 63 36 65 85 16 71 2 95 87 40 65 23 59 85 75 39 76 96 92 98 12 30 94 95 55 76 94 60 30 9 59 36 17 31 65 85 61 39 93 66 83 9 57 80 2 79 76 88 8 69 99 85 18 30 34 66 37 8 65 36 51 9 76 21 84 54 24 24 96 14 54 26 88 1 53 10 48 89 18 91 96 8 1 32 27 57
double 98 preorder 0.69 5.71 5.04 7.15 0.98 5.94 9.43 9.07 9.73 6.71 4.29 3.04 2.78 7.35 7.34 1.75 0.39 8.28 6.65 8.23 4.19 2.99 5.7 8.29 3.36 0.93 2.09 2.5 9.6 8.68 3.51 3.82 5.45 2.1 0.86 6.36 4.15 0.38 3.01 0.63 1 9.06 9.75 0.78 8.69 2.45 9.13 2.14 1.26 7.41 9.54 8.51 9.43 5.09 9.68 8.68 4.71 8.18 0.47 6.26 7.82 2.41 7.38 7.54 0.98 2 0.87 5.57 8.62 0.74 6.35 8.28 9.06 5.51 9.31 4.96 8.18 5.56 5.92 7.95 9.98 6.76 0.5 7.69 9.51 8.82 4.26 1.4 3.28 5.36 3.18 3.19 6.98 9.41 4.85 4.46 5.17 7.61
double 98 preorder 1 1.24 9.05 0.41 6.79 7.45 3.58 6.76 6.31 3.17 6.65 9.55 2.9 3.69 7.6 7.03 1.74 9.43 4.71 7.76 4.68 9.64 6.48 2.82 9.59 1.13 8.03 3.79 6.86 6.34 9.85 0.68 4.14 6.76 6.31 6.31 5.95 3.53 4.32 0.6 9.39 1.17 8.87 6.91 8.27 7.96 5.96 9.42 6.63 7.51 0.55 3.24 1.8 2.36 0.01 9.09 2.24 0.71 0.74 3.55 6.67 5.09 9.03 8.18 1.86 7.74 8.8 4.87 1.06 1.37 5.49 0.74 2.44 7.49 6.89 6.27 6.38 9.45 7.96 0.04 1.54 7.65 2.92 8.85 0.69 3.94 9.88 0.74 0.49 1 2.76 3.35 6.69 7.91 1.75 3.72 2.75 0.34
char 100 postorder h m j g a p r n j c e j i k i c r d e e o i r b d r f t j f r j k g h d j n i h s l p o b t n h r p d d f f t p q p c c s d m a r o t c k g d e a j h n b o d p k m c r k i e s j g m h t l j i t n q q
bool 102 preorder 1 1 1 1 0 1 1 1 1 1 0 0 0 1 1 1 0 1 1 0 1 0 1 1 1 1 0 0 0 0 1 1 0 1 0 0 1 0 1 1 1 0 1 1 1 0 0 0 0 1 0 1 1 0 1 1 0 1 0 0 0 1 0 0 1 1 0 0 0 1 0 1 1 1 1 0 1 1 0 1 1 1 0 1 0 1 1 0 1 1 0 0 1 1 1 1 0 1 1 1 1 0
char 103 postorder t e o g t k q j b o o n h b n e p c g r r b e o a l e n d j j f t h k l d m t a s c f c b b o a f q m f k k j k o k o m a o m d o m n t k n f s o e b h j l c p k e t j i b f c m f m s n b a i o e h k c t s
double 106 inorder 1.64 5.56 6.36 0.34 6.85 4.79 5.88 8.11 9.2 7.65 3.68 1.66 3.16 9.76 0.59 6.26 9.98 4.93 5.88 6.33 2.57 5.27 0.81 6.1 5.87 5.76 6.68 2.11 9.73 2.84 4.52 3.33 9.21 0.62 4.99 8.17 6.92 0.54 2.58 0.96 8.22 5.28 5.29 5.24 4.12 0.64 8.51 3.21 9.54 5.18 4.11 1.26 6.45 3.37 5.29 6.77 4.72 8.12 4.27 2.14 2.93 5.54 2.66 0.37 5.37 8.61 1.35 9.35 9.52 6.71 3.76 3.47 8.67 0.51 6.09 7.63 0.19 9.8 8.52 4.71 9.63 7.22 1.01 9.3 0.39 6.76 8.52 4.56 2.91 2.71 9.77 1.49 2.67 3.07 1.23 3.36 7.53 3.87 9.84 6.8 7.32 3.16 7.46 4.51 7.7 9.56
double 107 inorder 6.86 6.5 1.7 0.68 6.47 2.06 8.55 5.2 2.11 9.26 0.1 0.52 6.49 1.63 0.1 9.89 3.65 5.57 1.73 1.33 9.69 3.9 3.5 2.42 8.77 7.49 4.66 7.24 3.42 7.97 3.72 3.02 0.35 4.58 2.75 1.55 3.57 8.01 9.81 8.04 0.27 3.06 0.47 9.96 2.15 5.21 6.48 4.7 9.63 8.81 3.55 8.61 2.75 0.64 8.46 5.36 9.11 8.82 2.46 2.27 5.07 8.39 7.32 2.26 5.29 9.5 2.45 3.17 1.91 3.9 0.07 9.39 6.04 7.64 0.58 2.92 2.88 5.7 3.05 7.92 2.83 6.2 7.6 6.86 8.64 7.29 0.86 5.6 7.04 5.47 3.74 6.17 5.6 7.04 3.69 1.07 1.38 9.23 9.77 0.24 1.6 5.65 3.62 2.84 3.9 4.27 6.51
bool 108 inorder 1 1 0 0 1 0 1 0 0 0 0 0 1 1 1 0 0 0 0 1 1 1 1 0 1 0 0 0 0 1 0 1 1 1 0 1 0 0 0 0 1 1 0 1 1 1 0 0 0 0 0 0 0 0 0 1 0 0 0 0 0 1 1 1 1 1 0 0 1 0 0 0 0 1 1 1 0 0 0 0 1 0 1 0 0 0 1 1 0 1 0 0 1 1 0 1 1 1 1 1 0 0 0 1 0 1 1 1
char 109 preorder b b p j o d g b d r l r c m n g i p e e t q b o n d c t s a e f k k d h n i m p p j n k l e c e m c g g c p j q h a s c l q f r r b o m a n s k f b j d g o b s j s q j r k r s f g d b b a r q g s s d l k e s r m q s h
