12 14058 8559 4816 2142 1994 7513 2044 14058 13026 459 8252 6548 9621
12 14594 3009 11171 6995 11726 11236 11388 12684 14594 2284 8735 5466 8645
16 8880 14009 13182 8832 7823 2284 14058 10639 11936 8880 4422 13473 10994 3364 7076 13862 3181
16 5964 12968 12596 926 5964 13032 6257 1073 8996 11466 13955 4139 11203 12345 6108 6154 10032
20 6175 9929 10170 6175 9878 12881 9530 12784 10379 7862 1945 518 4273 1334 6322 12953 7776 227 3591 10531 11385
20 7573 3211 11767 7573 7050 4444 4552 4148 2276 9049 1688 9407 7052 4411 13534 4167 9997 7854 13675 1547 6327
26 5077 7228 9075 2422 6565 11786 10858 6164 3103 1114 10588 6252 4828 12559 9071 7555 4318 13011 5077 13191 367 6661 6585 5660 7827 14189 2603
28 3694 4951 7863 7057 9458 6542 1441 4112 6628 2275 7667 13304 6872 211 580 13297 679 11974 13056 13501 1818 8744 3694 2918 9385 5127 12685 5541 9211
32 8605 8279 7107 9536 13537 3931 8901 6278 683 1394 10549 8398 4305 7519 11495 11373 5388 6565 5571 703 2665 2497 13346 8726 5348 8605 14933 12404 5213 5682 3218 5261 11731
32 6795 14439 10816 11031 14225 14049 8919 13785 5504 11786 6333 4779 11082 595 7067 1054 6717 10056 5441 13352 1315 4210 10685 8314 8634 10388 1806 3002 4058 11431 6795 3371 5311
34 9399 14668 10433 12572 5719 3282 10478 12016 752 14981 14877 11760 313 5000 5441 14806 9399 476 2639 8564 11901 8512 4003 10795 11830 4021 1303 8039 7577 5903 11012 9706 5804 13631 8575
36 736 13435 1982 5762 1037 183 8988 10986 4098 11137 13 12994 4530 4138 11040 892 4206 9976 2442 5452 60 5358 12533 11064 10195 6706 1002 9617 9113 736 12730 7895 4928 14272 6008 5373 6701
40 4415 455 8817 3024 4415 3723 7215 2534 8924 12616 12017 12701 11783 7378 458 3559 10736 8393 2112 11168 2515 6373 11679 10779 12481 9980 10265 6852 885 2946 4879 1871 12748 4358 10552 8877 2048 280 5431 13374 13125
42 8164 14168 8507 3584 10175 14897 4426 14525 3533 8164 1038 12657 3923 2566 3004 4198 4672 675 4489 12440 14455 3748 13528 6313 6884 2313 10543 12301 12236 5125 10221 4116 11161 9826 11077 7424 11593 14392 6679 8211 5746 3339 4507
42 9089 9564 6089 13905 2511 6671 7357 11561 3316 9883 10437 9089 391 5357 5784 293 998 14113 13420 11191 4946 8089 13605 11501 10125 9331 3478 2191 14639 3741 9267 4998 2095 9941 3130 4248 2221 6795 4098 1850 9697 8996 4746
44 8473 13613 5372 7415 8473 7895 2463 8100 770 14584 2628 5168 9095 14758 5767 11478 13863 1257 5869 2754 4393 896 6082 12306 9913 4698 10113 9511 13544 11187 8372 12462 11291 8904 2925 8262 1827 6717 10696 6017 2149 13175 6360 1004 8928
46 9205 2402 6475 2752 13865 10799 5392 12645 13572 8040 5104 2440 14089 8830 10508 232 13451 9772 4465 12515 1944 5185 6206 9142 3487 1395 13847 9205 12932 12014 14184 4156 11504 8487 14611 12169 11754 3559 11852 12068 456 10833 9647 910 3860 2862 4907
52 3973 1964 13778 7154 3946 11353 7482 8858 11372 7595 6395 10818 7978 1404 11942 1421 12870 14680 9308 6018 8148 8979 11675 163 12922 587 4862 6733 9240 3973 12425 8234 13676 12289 4935 12118 6448 3457 12396 4244 12708 6762 7725 8576 12912 8707 4534 11616 7331 3698 11180 3718 10787
54 6613 8903 5865 3947 1631 8221 3282 10731 6757 8754 8590 4347 11927 2910 9866 8667 1262 6613 13634 13446 6533 3076 91 12268 4894 9633 14661 14338 13939 11137 6355 12749 11476 13354 4592 10104 12805 417 12350 12884 3244 1510 2819 12039 2160 4675 13305 426 12881 8197 1145 1952 8290 12140 8815
54 2946 362 5731 4174 2948 8299 112 5205 12910 3224 12348 3557 3852 11660 6249 10637 11256 10220 12589 14690 5253 8799 14764 1527 6859 3205 9172 7623 12024 14896 901 14777 7164 9577 7766 13257 1761 11164 7912 12057 14342 2946 6318 5509 11841 2301 7895 4842 10902 3320 10732 10228 9843 12624 10980
58 8812 1246 9683 1302 12953 5488 7529 1416 7999 6947 6832 4989 6379 13352 2054 5904 1440 13348 8051 8812 556 5685 13392 6672 10615 2028 11559 7192 9161 6248 2150 5205 9038 3928 14113 8018 11627 11759 10248 4670 2595 9807 14444 1749 13669 5381 14900 4748 6734 2959 14025 10112 4948 5965 6808 4494 5831 7933 6568
58 6615 13754 13103 3399 13768 11235 14700 10760 10719 12306 9246 7024 12004 11870 7237 57 9871 11014 12493 10798 6501 5822 6409 11990 1312 3669 1523 13461 2404 5488 7983 10668 8221 267 13356 803 6615 5986 11981 14369 10570 2428 4347 9627 6956 4665 6820 7892 10597 6864 7830 13826 14082 11968 8207 12621 11666 9853 10791
60 7935 13195 6473 7353 6091 11557 5109 10196 1718 12599 2379 6673 6311 4049 11169 6517 262 10069 7935 6836 8067 9217 2661 5829 2756 6194 6335 1343 219 7147 6245 7842 876 6600 11709 2208 3674 11555 10677 1208 10645 4299 14696 1753 1743 7080 1071 841 11416 6322 11854 2213 14948 7931 9174 12889 13670 9998 8400 11445 127
60 10613 5185 12796 8626 11054 12524 5250 2718 1486 1131 4422 9953 5479 14790 2441 3165 4705 5426 2356 13785 14875 12262 8757 11625 6839 239 696 7192 7809 14249 6339 545 4365 12683 2101 1460 6849 3644 12912 10525 7115 12341 9622 5927 6477 8421 7140 2034 7573 9630 11046 4919 7284 9182 3547 292 9356 14247 8461 6045 10613
62 10949 9028 2705 13536 6990 10730 4963 2070 3958 739 5839 12802 11418 9102 4006 9470 4214 1037 3785 10949 11557 14769 6828 3810 13304 11835 5181 348 3698 9757 14610 3034 9098 14286 13484 3394 8947 8864 12712 3724 11531 14918 6371 3083 6846 13627 337 686 11333 2018 12020 9365 4040 10141 2148 11005 8557 6442 9110 8824 11805 907 8877
62 13060 396 9584 13060 11832 11302 6948 7329 2863 80 1232 7460 12536 11659 10319 13476 2644 2231 12595 13215 2297 6590 3489 8477 7413 12590 6801 1593 6178 1691 1640 11471 2331 3287 14776 10782 5498 6032 6016 13605 7827 9571 7645 803 13300 6585 6313 14965 12487 11982 727 5801 10621 12532 6422 1127 12304 12800 3175 10929 7358 6353 6707
64 13545 1117 5728 6800 8145 10454 11225 7796 7960 4792 853 6140 1442 9560 7771 8664 11843 10795 10953 7023 7351 7864 12934 5782 7172 10047 484 13634 13295 10497 907 5708 6021 1609 8823 9394 14008 1391 13545 9086 13235 318 14508 10617 12724 10698 445 9580 8486 3959 9251 4636 4818 5431 11151 6890 4116 7105 8737 6072 3128 464 6257 13202 3065
64 13757 10303 8646 2531 12535 2802 2383 3536 8905 235 8035 14127 9192 4943 14479 1210 9097 1835 1711 9209 11965 1499 5163 13641 13757 11326 14438 14648 1415 7896 5186 11141 9228 14389 10230 14466 5184 14833 10039 14490 795 3548 2566 6825 2989 5972 9564 6620 11168 8067 12896 7099 2473 13218 1535 4805 2411 12148 10484 8243 1351 8897 13497 1406 3091
68 14147 14517 4488 5894 2096 2333 10704 10035 11873 8980 13910 13361 8493 14185 2528 6674 6443 1366 14700 2976 1281 10513 1309 12136 4171 494 14147 4579 14505 11173 6528 4517 1463 5036 10875 11225 6636 7582 9497 81 59 13804 4444 10805 12748 4856 10238 7195 1601 10027 8325 1982 1602 456 1202 14051 9436 6764 7843 11627 3323 11110 2696 6540 15 12837 7005 8189 4762
68 1943 8621 8305 7843 4322 6708 10981 10710 311 8599 6215 967 309 9792 8532 2628 10976 9039 6895 892 7385 14508 7949 10310 5775 11533 3803 14725 13990 5788 8793 8352 566 14563 1943 13580 14047 2528 8897 5776 2804 11152 11350 10966 6704 8340 10464 6166 1028 2351 1138 673 4184 9430 2821 6660 13732 250 397 6283 8184 12730 12234 7788 1626 995 8620 10184 4361
68 5738 14095 5802 13100 1916 6840 8243 4618 6375 14281 14047 5466 14921 13262 2110 5738 6653 8643 10643 743 269 3216 13918 2994 12691 9938 2294 12580 9094 13159 7878 3335 10510 4267 2537 4677 2149 3842 8882 8851 6749 13621 5176 13838 8514 4097 3848 9697 5840 10926 13106 12084 6832 2882 12121 4544 7118 13954 9356 13059 3697 7091 9212 10070 14309 6120 559 7680 9808
68 13820 1025 13054 7349 663 6829 12504 7743 5722 11521 2449 625 5567 8251 3045 1956 13820 2328 8859 910 9018 11301 4629 12127 11037 3461 14580 9370 5563 13871 13027 8871 9854 2144 13344 1904 13576 8720 9624 6766 11231 5236 11625 7689 736 13943 8252 5975 13736 2068 9136 5470 14162 5772 1243 1397 3204 14434 5275 7641 859 11419 5118 3029 14886 11742 8851 5963 5846
68 11371 13909 4099 3773 9341 3886 8443 1542 7751 3605 4282 12546 4690 2731 2573 7346 8826 1641 8860 5437 6305 13600 218 10940 12484 8020 14428 4289 5445 4713 4014 2864 1976 8673 8263 12227 12816 3039 12369 12813 10946 2050 3451 11371 12904 3903 11700 4650 1417 12411 201 10319 11000 2544 6149 3735 3202 9062 9223 1797 4864 1149 13906 365 6367 13006 511 672 10153
70 14441 1741 6208 5170 3740 3875 13775 13589 11123 4911 14356 14441 12295 14911 179 3641 11521 4713 591 10565 7288 4108 7703 3204 3941 8095 12096 8256 11284 11291 11387 5347 4352 8021 11005 9108 10455 1545 1291 2553 395 9199 826 5003 7846 12453 4680 982 5160 4353 9650 13379 11965 1739 3398 10839 713 3540 13938 6363 1459 6923 2834 7118 3006 2699 14017 9015 7331 2405 14848
74 6742 11725 12132 122 11539 1774 10703 8280 10876 1442 6409 7082 12983 14035 4510 3423 11654 11730 8409 1233 9805 8444 8296 716 6571 11477 10381 12623 10278 13237 931 1529 7550 11321 11671 2333 14643 6573 4880 14043 434 3116 9279 11947 9467 102 6967 11226 14160 6595 7057 3568 597 5336 13936 11584 3834 4652 796 1971 9950 14290 10777 3888 6007 13340 1516 13728 11580 6210 12019 6742 985 4184 14792
82 1369 3128 4979 12758 6191 5943 7009 2614 10351 3651 14232 7545 4753 14034 6599 13782 3959 1369 12629 12367 3608 14172 13924 13750 13808 839 10756 7693 6812 1059 3040 7678 4505 11032 13336 8892 14187 11762 11703 10340 3857 5562 1847 13956 14033 2490 92 4512 8075 11172 10444 6561 7474 14108 9099 882 7090 761 3071 4957 183 11572 1246 12778 1230 2013 11186 14907 3995 10702 11716 7788 4631 14964 13519 5947 972 14501 14650 6217 14147 5663 1854
84 4486 10483 13806 12832 11008 9541 4486 1324 13715 4368 4399 2242 11645 12920 11270 12631 8441 1790 6737 3342 3803 11713 267 965 10993 5689 7449 8374 1729 14914 3048 1459 4505 11585 219 11136 11127 12099 3921 8054 6057 7862 5037 2436 8217 9619 2250 402 2166 9840 10262 6782 2609 8174 3989 3723 4787 14293 11603 8385 10678 2219 14422 14696 12477 1104 11310 4247 8202 1028 3359 9679 10357 7004 5299 8910 10538 10498 2383 8690 2215 2883 12534 769 404
84 11692 12808 11831 9331 14272 6017 11990 7721 14193 9033 14337 13413 11211 4075 12936 10686 1273 1704 11671 11835 11089 4369 6216 1184 6813 4968 10141 5201 6999 298 6985 10276 4856 3017 6390 12423 7134 13520 5466 1979 1320 12714 476 10246 11692 14508 6107 261 8953 5393 8304 9029 10695 5021 3278 7977 4802 14692 8310 6089 6375 2843 11527 10727 13372 721 4172 6251 3327 3905 7707 8337 2688 12297 2558 14535 11772 6032 12050 1874 14981 5109 9251 742 8059
88 8046 116 746 4691 6957 4117 13781 1160 1415 14956 8094 11234 4651 2554 10971 13160 10778 14128 5051 6306 2518 13280 13582 10851 46 7358 13536 8046 10933 12245 5050 9178 3469 11072 11155 5017 13673 2877 6551 10092 4028 14660 14601 7377 7373 7946 13575 14204 10412 3246 8771 1794 6176 6559 2723 4220 6842 5443 6401 10632 8130 6968 1189 791 11759 2430 9950 3453 266 14136 2040 13130 12688 6492 4873 9370 2567 13321 14064 1854 2907 4703 8359 5512 4673 6093 11095 12291 8292
88 9770 10702 7068 908 6876 4035 9225 14828 1087 12096 94 5474 3940 8464 9103 1410 4987 3751 9398 11107 10202 324 10088 514 1836 2053 6279 9015 3802 254 12854 12645 9529 4396 8839 11242 1363 6482 1535 9487 14986 6735 11210 4718 9770 32 14362 13991 2340 11380 6746 2950 2336 21 10036 7984 14317 1887 4109 3768 4733 12118 12831 199 9587 6724 901 1875 4383 14692 12381 1033 260 159 13923 12722 8296 12348 12244 10636 4897 6525 1306 9799 7843 12169 14819 6104 11044
88 2604 14460 488 5832 906 7964 13395 6617 3004 2144 8753 11698 10045 8338 12628 12334 13605 3772 763 7188 4757 5704 4101 9014 7465 1406 8127 10641 8776 14191 3025 10787 13466 798 3877 1727 9640 13045 594 9136 11365 1195 9038 11931 2829 12645 10129 8832 13196 4295 7451 258 5859 5346 11446 13927 9993 12571 9005 3088 8084 8156 10240 14435 8300 13588 14548 3733 2450 9928 12073 2604 14186 8459 3387 1133 3577 14602 7195 2860 4176 39 2278 7448 756 5409 377 9938 4553
92 14100 2769 4241 8722 4189 14375 10788 797 9876 7103 12106 6693 3833 12226 2263 8760 8207 11510 1843 13063 3982 1394 1402 7126 5721 11661 12371 9409 13875 5253 10325 10993 12442 12757 8689 7690 6418 11700 12844 6753 2473 2236 6984 11206 9914 12231 1718 9263 4156 8077 6815 10958 7500 13992 14845 28 10916 978 7038 13254 5237 7704 11468 11419 2669 8360 504 2358 13409 554 1168 6115 11304 14100 8078 11009 13937 9615 2501 8417 4968 13640 12042 8228 1699 4474 1730 11597 11381 3378 10062 12657 11616
92 1384 4835 401 9721 8771 3827 6232 5776 10918 3142 544 2370 4650 764 1836 3741 13064 10855 7480 4561 10274 11618 12735 4488 13798 7651 6485 3049 9289 4862 5829 3630 11129 4040 8806 12901 1384 10415 6849 14263 7987 8108 10127 9512 13193 10102 8049 2581 9924 7154 788 12251 903 13217 5116 8310 12912 2930 588 7281 7772 11435 7807 14586 3589 14689 2592 11736 11652 3859 10154 8048 10723 3998 10998 2724 2080 9449 5940 4380 11915 9468 4395 11595 12080 2261 8035 12992 665 2574 6732 3162 6332
92 4246 9299 925 6616 11716 2838 998 10815 430 7175 6519 8269 5478 12767 8228 7303 1402 13507 12981 6044 7206 2881 2034 874 6393 10382 276 9688 3972 14398 1449 12414 9603 4213 3288 14932 14602 4917 4003 13987 6435 4246 1727 9482 12477 5512 4761 4640 8464 13719 7484 10519 1560 1598 13233 9675 13598 2832 10023 7836 6857 9062 11794 12386 7412 4483 7083 8287 779 548 12761 4807 5646 532 1142 8633 14981 1685 7107 5387 13883 7866 14889 6686 6876 3829 8486 6463 12889 2829 8324 8924 10409
94 2371 2819 14268 8491 8079 5486 3614 9634 10108 8623 10726 10394 9517 1161 82 13133 6595 7362 8386 4682 12325 9758 13992 3275 12843 7886 10416 13509 6516 12688 552 3122 5785 2390 7712 9263 14107 4683 10076 6855 6168 14450 3425 7392 8966 1643 14190 9981 11289 12156 5602 11379 10858 6394 8634 7853 9279 12705 220 13768 3483 5267 11663 11056 1259 3828 6933 5890 1339 12728 6373 12047 7231 14325 11505 1473 2371 8577 4252 11172 6656 6543 7670 1587 1783 7901 4166 14028 825 2192 10249 1250 9797 8167 10926
98 5862 6224 256 10753 3481 2532 14797 4895 13463 2974 13139 5303 8011 13966 362 14942 6742 8494 5116 10780 1115 2696 4929 4807 9645 5128 3746 9533 10704 1193 10451 9980 11168 14046 10717 11279 6121 10274 5897 9628 10648 12371 751 8533 12680 4845 10269 815 265 1715 7745 4526 567 5948 1144 7871 2999 3445 13107 9161 6715 2579 2514 1135 10931 4104 5711 690 10191 13738 5612 342 5862 2556 10416 4495 5413 8908 4857 3217 13137 667 8026 14563 11293 7481 13358 13617 7741 12688 1579 13662 11463 8339 1524 12051 3252 14164 10354
102 9476 13658 5394 10720 10306 7586 404 8221 10016 3724 14984 6145 7215 12378 7412 2696 11848 13340 11458 2027 2230 6511 12843 4209 6332 6147 2033 2066 13645 7341 13955 4157 13981 580 5605 11830 8154 4324 14858 5367 9476 12120 3173 8550 10211 4992 7995 6523 10813 3773 375 13165 12863 10057 6066 8760 10520 11409 4124 13585 4569 1603 9467 3578 12489 2389 7453 108 14357 8406 13075 5612 7431 355 7729 97 5408 2775 2827 1896 7828 13122 12573 9627 11137 1427 8761 3258 13572 13025 2998 4682 8844 2494 1950 8192 12476 3641 306 8216 10006 3093 4432
102 444 9997 6160 9973 510 8065 9812 8458 12599 5640 1155 9048 11691 11270 10200 10075 196 5964 1488 6755 444 5535 6423 5500 12494 6136 14101 13650 10109 7963 12205 12270 14230 6883 5351 1845 3784 1181 4030 1882 4873 4958 7343 11529 13480 7256 2087 17 14746 5752 4145 4973 3843 9461 7151 10820 8190 12670 98 1692 3917 14556 14714 2821 8708 7647 4744 982 6146 3930 5055 365 9760 5744 8223 4209 10971 8724 7794 4375 4756 2683 13301 6332 2595 101 6940 3424 11811 3618 8406 4147 6218 12579 4530 14664 654 10074 13823 1487 5359 1356 8475
104 2 10847 1657 7965 1195 8914 5715 838 1207 9108 14139 10414 1311 9118 2736 4653 14311 434 2877 13988 13054 4885 4286 3219 616 10928 11949 14932 13981 2875 10642 3757 8848 8400 7581 6955 7467 13490 11337 1234 3788 9427 13907 10924 5179 2 2225 248 8215 14198 12096 5527 1542 5532 2327 11409 5698 10911 14048 5396 12348 10947 7287 13999 1860 5902 9021 14981 7747 2780 5012 13884 5201 10041 7155 6893 7575 10829 11093 6627 2488 14245 12828 1898 14297 11311 350 9197 14894 5557 10555 2024 2983 13342 7030 12333 2842 3931 5843 3044 82 14223 10311 993 13663
104 4474 14025 146 1112 12993 3701 8150 10375 4515 2851 12938 5172 11688 9696 6886 9636 8491 6429 13239 3185 5454 1145 12961 7106 10089 13493 10885 7875 13413 8482 4977 3565 11113 12763 4945 4460 970 14200 7620 4370 2545 7189 11436 10718 1983 255 3605 9903 12500 13270 9075 11546 614 6683 5299 7654 127 5059 4890 604 1827 11258 2431 1622 945 10629 1639 2916 12412 5451 4480 8114 1663 9365 5842 2172 11217 4474 8184 5650 643 10648 9639 8644 7789 5098 10776 1045 14188 11435 3174 3316 9469 8738 7354 10188 3817 12649 5407 7641 4853 11609 10672 5739 11295
106 10260 13335 4301 14010 12200 14609 6984 10648 7566 12043 1329 6996 14517 1962 7110 7591 4793 6000 11974 13995 232 4136 4842 186 14909 11771 6588 6299 5976 10449 12933 13936 4493 3342 9187 14752 12804 13978 9630 13683 12688 14146 5501 2835 13845 4629 6738 7461 13757 7350 346 3213 12846 8012 2027 14766 9937 5093 13342 8289 1732 4174 11893 4968 2879 10238 5429 12542 1660 13127 11541 12989 9766 3751 7420 83 3952 9488 13187 13300 12750 13835 14998 6289 11070 376 14037 1562 7019 8913 11665 8359 4961 12222 9146 1868 11813 10260 7250 10712 12388 10454 11451 9218 5075 7109 6276
108 4354 12252 13055 1132 13059 4956 136 14521 8312 7626 1476 11440 3712 4924 2749 3011 14950 12307 11242 14371 12731 1329 1851 7577 13062 13173 2677 8624 14474 8572 10418 7599 8107 11570 4974 819 14095 4265 12276 1177 8618 4588 7747 10792 9075 2211 3375 7527 11383 9906 3943 10176 14257 4425 2872 8889 7563 14557 4709 218 5121 3664 6597 7812 14424 6112 12836 11803 7144 8182 3967 871 8811 11802 2206 2551 11311 11875 1474 13460 10888 11792 14258 2349 6485 6194 11492 10316 11966 9713 14852 6077 10874 10208 1992 14381 4960 1600 11729 9883 2738 4354 176 3724 12303 4878 5552 7794 4117
108 5195 7308 5423 9376 10779 5337 5886 2368 10669 13529 4785 12159 14577 5086 6699 4138 4338 8938 1823 4098 14485 8953 9349 2647 13736 8492 8092 9714 11392 14050 7118 12761 12138 12849 10632 9676 6500 4447 1629 566 8259 9347 14113 7730 8819 13178 4862 7253 11398 5570 13673 3956 7792 6419 9930 12632 14497 179 4453 4807 11401 6011 9483 3682 325 10035 3102 3587 7343 381 14859 3759 1123 10054 11254 12676 1207 12015 13482 3238 1565 4730 9466 10367 694 13668 9550 14097 14501 14409 434 9052 8571 11448 1640 14569 13229 2721 5798 2496 7525 9898 19 5195 4143 13748 13325 10652 4148
110 11696 3960 742 2992 11911 12265 3527 3022 13091 9152 10627 6509 3407 8771 13495 6257 13134 7437 3998 12831 14027 4542 6788 3670 2287 5280 9937 14446 5332 4886 2126 7301 14652 6137 10242 1117 13850 2981 5467 10094 7697 13350 14789 10327 12738 463 12145 14229 14284 14464 9532 2499 8796 1118 1053 1445 7509 14189 1889 10785 9897 10615 2464 4373 8361 11556 11730 12227 14168 2817 10522 5965 528 858 6798 2104 3255 3016 5641 12465 919 3070 4322 8175 7088 3367 14201 6855 4019 2545 13855 5413 8170 11696 14682 8129 3711 12923 13081 7544 12134 10900 7691 13428 8727 5230 11113 4030 13227 828 6994
110 6946 4187 5028 6803 13860 3138 1911 12681 13984 5314 12188 6681 14565 4176 11288 11579 3219 5339 8499 5207 9643 10019 6714 4124 12919 12408 12674 8999 11986 11234 11066 284 7487 11109 10437 8004 1074 9011 13985 11646 969 1766 9943 11599 4869 6727 744 9806 8768 10157 6960 1439 2107 13893 248 6105 2225 8748 11820 12495 6115 2943 9126 2558 10118 12544 4288 10548 889 6238 4462 5215 2685 10186 3714 9182 3785 14882 9513 3214 8422 11239 14759 4375 9941 11456 4971 10850 10316 6861 3044 6946 8751 2174 14900 9292 10132 2720 7465 8103 12563 6451 12888 10811 12347 9535 11029 8643 13399 1737 2266
118 13164 8628 3728 12125 13837 9984 3267 13983 10556 14883 11425 12991 2563 2801 5727 3337 3696 334 14567 13914 12822 14121 13962 3339 12055 5337 8563 3738 12355 8449 7750 12095 14958 13828 8105 137 7377 11756 12279 3636 7092 2144 1918 13470 404 13164 311 2971 7083 13168 5833 2 14748 13621 14413 4568 14611 9232 11028 8084 10915 5769 9363 11486 9707 13489 7737 13191 14488 12605 12638 1485 11575 4470 5655 23 9271 8522 1236 9747 12587 9742 9520 4853 2064 2051 6624 5000 1933 3198 10825 2378 5101 14096 2100 9370 3775 13307 13665 12040 1896 1032 12519 14226 6202 13910 2754 11823 13054 12168 5835 14802 10812 13571 14953 5147 14972 8552 9586
120 12954 3948 2215 7760 10981 2536 13000 2035 6034 10579 8103 5443 12100 6438 8227 8307 13839 2816 2407 2161 4612 3653 575 2673 12368 11550 3607 9782 3637 13711 1924 8738 3073 7369 569 7441 10005 13597 8008 11 9542 8593 8788 11926 12735 5036 4303 11539 7387 5539 7356 3817 13388 6455 5453 7839 13452 10615 1695 5987 13306 13939 8293 12107 3644 12213 5907 2033 5587 7850 4075 10366 5798 14837 14293 14800 599 3233 11225 2858 30 7583 2667 707 13892 13858 138 4970 12039 1689 1248 12377 3019 8401 9623 1556 9926 11511 964 4179 5164 5183 8645 14684 12954 8269 6914 4001 6440 13877 4407 11833 8613 5572 6560 8841 895 10760 4547 14163 7571
128 9370 5449 13792 578 10036 12431 4942 5660 5877 13643 2660 2217 4801 1664 13462 4006 577 2936 10316 4362 9411 9044 234 14093 12239 924 12070 4061 3168 7713 8033 14579 7086 6464 1849 14320 13516 13596 6740 9709 11014 773 12023 9650 12342 2526 616 14662 8997 2103 8967 2822 13737 6459 11345 10147 6565 4387 3930 517 13492 4499 760 11945 2 5013 10633 14574 6133 7224 12290 14046 9692 9370 8797 507 8152 5676 6758 7217 1216 3220 3739 12868 3508 12407 2119 9765 6059 7068 360 704 364 4922 12187 10766 6631 12421 5247 6453 6480 4510 5698 10034 2554 2069 5686 6757 3121 3824 7975 3007 514 650 13859 3510 6262 12730 1309 11544 3998 10067 5700 8545 4004 7438 271 12993 10692
132 5655 4039 2737 11564 11641 9615 13503 603 2465 8705 11480 5049 11809 5333 5214 10447 12476 2356 8452 12857 6501 1724 14806 3551 3907 7566 11989 3482 5743 3908 13036 4997 14553 8149 77 6889 2711 12294 3578 7553 6948 8774 2841 3413 1142 8228 8166 10105 2291 8795 5818 1228 662 6218 248 9026 3888 7646 3573 5655 9060 2295 2224 8004 6163 10505 2801 5466 2864 9626 4587 1329 5831 12886 4684 4670 9825 9332 1015 13710 7215 4781 6918 12352 2141 2426 6586 11037 12136 14826 12824 14127 853 4101 10546 9494 9457 5612 2603 214 8817 7120 7561 5039 9161 13024 5614 1033 6473 1775 5234 3020 2186 12800 909 11075 703 4437 5319 5634 9723 13013 5345 13593 5529 12366 7360 9657 1805 14416 11269 1402 14762
134 13918 7559 10869 480 2146 12514 12601 11537 6775 6930 3745 4260 4851 6993 9666 13746 3012 7155 3103 13833 5991 8629 9156 4153 3865 12935 8977 11922 5804 5160 4189 13572 699 10686 11393 10674 12746 14812 5697 4583 4235 2944 12134 628 9072 7426 7651 9545 10120 11115 2474 9884 12005 8773 6277 3010 10209 8099 8788 14051 1541 13918 5784 6077 9121 6572 14787 8783 14882 10566 3542 10218 13691 6407 14646 8485 2717 14267 6602 1200 9618 10740 11082 13060 3777 13960 6743 9227 2707 541 5159 14853 10464 6763 13154 12546 1338 10915 9368 11544 3870 8539 14071 5699 8455 14336 9986 7731 324 5799 1590 12532 1275 6426 13220 908 4468 694 2011 13011 5751 8437 3118 3037 1398 13113 995 7750 5403 10544 2668 7258 7624 1811 13262
136 10471 3977 13466 1301 8489 14572 1278 8807 8973 8233 3098 9536 5930 3260 3457 8301 1339 7089 5409 14457 13519 13867 7515 14881 5429 13804 11586 11083 11468 1736 8561 6452 2518 161 11808 8548 6615 6311 14934 119 389 1052 3964 10270 2072 584 6659 454 11164 3748 8505 14601 8646 6128 9705 7208 2820 14524 9851 10687 6411 6179 5046 4662 438 4572 14126 4462 10467 10475 11125 6018 6356 10178 10192 11231 12137 1766 8942 2220 1255 3453 9761 8522 11878 4910 5195 14042 6968 943 7507 11219 8111 12726 5567 12664 6084 3913 12175 1378 1999 14973 13419 4885 12120 8448 3016 7906 6145 10471 12227 7911 9560 13123 4657 3479 8161 4252 7116 4024 1284 5850 4982 10558 10184 5271 5021 6372 5830 9997 2173 8231 91 4940 12140 7875 12408
140 6972 2976 10535 9249 1475 1483 3435 3752 12896 11178 6316 6741 14261 4477 12964 13716 7420 5344 2310 8253 6502 7431 14911 6874 11294 1914 10127 6429 7992 7999 3827 3153 3454 6823 9571 3993 10685 13312 12172 1927 5149 11380 5169 12476 247 10022 14629 11692 9097 9936 12302 13685 6728 13676 10090 13749 2230 3424 4075 4205 8450 4223 3996 3771 6972 8749 8624 4498 5198 2198 7522 501 10852 7627 4257 14539 11457 592 12316 1771 1654 4118 3673 1183 11418 12224 5279 13505 8007 4304 735 1685 3148 7051 1834 5068 12017 14468 13002 14937 4979 12609 3308 11734 4297 13623 5071 8765 172 11596 4420 10762 7499 4643 6778 14590 14637 12798 10372 12916 4052 6127 470 3988 6827 9753 2473 10253 4878 12368 12462 307 10883 14970 4549 9309 10036 13738 9975 9582 1000
140 2410 12439 9849 1703 7192 6320 7176 1998 203 9117 1088 8565 12135 14142 14621 108 11487 11366 13800 12256 10854 13294 5546 8579 5538 14680 9222 10131 2723 996 4300 10063 11940 11814 13597 9588 7150 8199 5854 2379 7245 13198 11719 14874 5609 9368 1245 12230 3294 749 13807 8372 9646 1980 5934 7411 4466 394 2174 13382 6618 3505 10710 14521 8903 4173 13863 2947 843 7557 4137 13869 8278 12953 8672 12146 7419 6454 6160 4317 4430 9133 9863 4484 9402 3476 6286 13726 6427 485 14114 11527 7966 7760 254 9321 9532 10640 1118 5423 13915 12767 10634 10872 12244 11199 5053 6528 9644 7383 8938 8716 9768 12943 14035 11086 13116 13897 3569 5181 4264 717 426 14180 13557 7311 11907 13936 11741 2355 8702 8867 6038 12051 2410 7996 9634 9992 11484 0 5563
144 14504 5724 13934 8441 14781 9221 2463 13763 1216 3247 3519 8214 8094 3518 729 2321 6917 12119 12568 12068 14329 391 5213 1135 12309 7419 9572 9815 3652 1759 8309 5252 13925 12340 4269 1498 8274 1989 13427 12681 5775 6130 12145 13325 3998 118 13523 12235 13008 8579 8577 1155 5545 8539 3395 14362 13375 13715 8277 9282 5713 8278 4405 14463 2812 11377 14478 10390 7017 8838 9486 10016 4790 14516 13353 7819 1121 426 5130 14488 220 2609 1399 10159 2672 5010 10511 13956 14541 4570 306 8595 9012 6610 4419 11520 5460 2508 2617 4657 6588 5414 11018 8993 5734 14504 11292 14824 6482 6410 4108 2646 11888 3597 9739 11220 1916 335 2832 7400 6424 3502 1460 14110 14116 7330 10136 14162 3319 9450 8695 9468 4447 12176 6574 1020 3880 3101 6310 4035 12744 12783 11946 12345 2796
146 12178 14764 3876 10826 8433 3444 7789 8651 4918 14324 13236 14255 12654 12942 14388 4807 10225 6420 1941 5462 1048 3344 7587 6426 11528 3926 13985 10363 6604 2760 4278 7845 10022 1823 14095 2242 14921 4876 5169 4136 6269 11893 6208 5056 14030 13471 2880 3556 2848 2785 3604 12919 5089 9442 11116 9894 4017 10231 3825 4138 2953 5060 668 9908 3781 5489 6741 7584 2211 10245 14043 11603 3320 12166 7244 6300 4261 12203 10140 2438 11447 13476 7857 3214 5928 14150 11607 14816 3704 13198 3656 10483 10406 2415 13720 12349 3132 1761 5539 7461 13950 12247 9552 14950 287 10176 3810 5163 9916 4196 857 3332 2851 12636 4234 8892 10833 760 4173 7999 6090 2791 12178 14539 5879 7122 5523 3105 11728 4445 11423 14918 8498 8336 2155 3192 9340 13359 12600 7899 2886 13026 7067 4485 2212 10165 12799
148 6411 11740 12481 13435 6464 4652 4220 14693 14599 7733 1825 7620 6456 10578 5049 10048 4496 4882 4372 1621 7380 8612 8778 14778 6256 2429 7817 13124 1550 9576 3756 14787 6883 11402 3764 14577 2832 10497 8385 3137 8686 8472 8397 6191 3628 9892 2011 9144 5565 29 11662 4529 9355 12611 187 14684 6294 12092 10015 9638 6844 5837 14708 6554 4905 2811 765 2113 4164 2299 14516 235 777 4760 12785 1821 6491 5626 14619 5747 14462 4436 12915 14978 12187 8551 1666 8787 1651 4826 10666 8539 13816 6411 2643 4015 5125 9148 9446 7738 8020 8712 6603 12077 6522 6591 1975 5282 12608 4427 14569 4517 1856 9352 5183 9721 3970 10264 1677 5061 13342 7945 13805 6196 10344 11099 1734 14105 11225 240 12126 10240 14429 4111 5812 7695 66 11154 13294 6395 7825 9396 4600 7530 9497 5180 11931 12776 5225
150 3402 6694 8969 4335 6698 5923 7479 6647 9151 13716 1251 8879 2977 2326 13464 12660 2957 14657 2072 3348 8495 6442 4176 3059 6627 8124 8912 1438 8149 27 9627 13347 2834 3813 5986 1098 10765 10156 11282 11936 1946 11077 2991 12544 12 13926 13992 14474 8406 2315 2685 6754 3917 3690 1810 5844 4015 5855 9037 4626 10094 4961 13343 936 5936 10206 3780 2860 9888 10384 7918 2960 3933 2382 12829 1874 560 5418 6133 9402 682 4539 13145 11720 8959 3449 14426 4675 5478 6262 4499 2779 2889 362 8676 10020 13747 9479 8266 3214 1237 5272 14859 9937 8551 2997 10203 2848 10181 4184 3768 10034 4352 9083 4386 5232 12001 3339 4131 8796 597 13440 9891 6630 1847 7230 9464 4055 3402 6551 6165 788 9406 12962 3462 13614 7405 10602 11102 2880 1186 8511 9636 10381 4758 250 7613 10447 2195 324 12384
150 3678 2148 9871 3169 937 1110 2671 8319 690 12536 2002 10898 5370 4426 4808 9074 3682 3112 11329 9714 9263 8701 9667 11579 6936 9349 67 254 9283 1170 4136 4180 6986 924 7538 11864 9902 8800 5141 6684 14196 4033 10356 12545 8500 10070 8416 6699 11366 5372 7071 3504 5062 10182 1395 5018 13747 14232 6419 10095 13149 6518 6465 14167 11045 85 12286 3848 768 8579 4956 14997 13233 5413 10615 3211 9534 9252 9196 12212 5270 4606 7288 3678 863 10327 8784 3160 5789 3852 140 11396 11053 3232 8937 11371 6505 9964 8682 882 8130 2069 13381 969 280 9589 4535 4318 9514 1772 12497 292 3237 2025 11205 11638 8961 12405 10105 1873 13474 2467 12203 9758 4758 765 6477 4226 13035 7838 854 8253 108 3808 9718 8820 13587 13798 10806 12707 3536 6614 8987 6722 7438 1246 4552 10289 6196 3967 11274
156 11294 3899 9052 11943 601 104 11294 1745 8247 7708 8620 3518 7103 2321 20 4806 4425 6579 12343 9426 11651 296 5001 6553 4820 4050 5378 5710 1994 2991 3117 13846 3478 11283 7209 1616 9723 11680 7912 5752 4031 739 10762 7848 4791 7749 9067 4855 11098 9558 8017 2907 8597 5032 12279 12281 2260 9959 8136 9560 11117 2251 9491 9427 8479 12040 6643 12680 11156 4442 8818 5533 8284 3227 4871 7703 2992 5852 9673 10031 1353 389 3237 2731 10828 3171 13889 12424 8819 5691 11095 5274 8041 1108 7511 6447 7950 7979 12268 5630 1650 2454 11025 315 7145 4893 2007 2355 5610 9913 2678 2948 11577 6203 14187 4169 3651 9290 14781 6501 7793 10250 12301 14792 4407 1097 4064 10117 11757 11897 6488 13330 12277 5152 8130 10494 5442 8541 14921 3742 13135 2714 6096 1292 14578 1914 742 659 2281 6961 2288 6604 2041 4879 10916 14215 11620
156 4629 13149 9905 126 1457 14785 6917 2006 5071 5088 7519 13184 10293 10195 7629 14961 11608 164 2229 3319 4629 8356 13498 8104 13340 11833 8269 1723 5656 3615 4473 11711 9889 10366 8275 2461 1334 11948 2889 5759 2545 8503 8439 5872 7109 12048 3248 407 5364 4232 6042 12579 14353 13168 4720 3662 8110 5931 2119 8997 9767 5256 14721 6092 11748 13992 6049 11075 10611 13323 2124 5360 9840 10767 7057 6833 2284 6354 981 4230 3371 4378 17 3190 5630 6439 9383 807 11563 688 10736 6877 12738 11462 10226 2462 665 10219 4515 13911 613 5793 8094 10236 11836 10468 14252 13586 4714 6973 5185 3374 5506 6131 424 414 7119 3750 7449 11889 11122 13450 5592 14637 9776 8551 14837 14504 3170 1962 12540 7679 9744 12883 3726 10059 10225 3067 3215 247 8513 9389 11682 761 5165 13493 13846 14550 1961 503 5383 2225 9066 9302 9921 2398 13387
158 1317 11392 2424 2971 11941 1071 4063 12199 11367 2025 1743 9279 7826 597 11174 12638 8696 2276 7147 11466 10322 6279 14427 1966 10317 4971 14032 6304 10915 9967 2592 6484 13891 5560 4830 541 259 9705 5630 9471 14551 7469 4532 12267 646 7995 3642 12659 3944 12826 1671 13774 1433 11515 6246 3268 4930 14178 5710 7343 7286 2274 6157 3981 12227 511 13677 4747 13094 4079 1124 10162 13330 5515 9583 9486 8247 8666 7611 3687 3787 9182 5209 7592 2413 14230 4180 10280 276 7084 10123 2932 6728 7189 11827 12711 2090 11196 9630 3416 1470 6513 6679 5432 8651 3600 7721 10770 3536 12854 11044 12191 5764 7355 3263 3181 6702 13630 1402 9002 6161 6231 1317 2335 14898 9228 9302 5240 13194 8922 6748 12358 5563 14173 7942 10458 3489 12102 11073 297 6794 12944 10447 11385 7890 1963 1000 236 12607 5353 718 1376 3009 14707 13524 7011 8279 9153 13312
164 6775 761 2206 8744 2426 13990 4179 9086 13527 6160 2981 12056 3445 14698 1625 4087 8014 14093 8309 13776 2865 4719 1153 3558 4935 11007 10215 7716 1571 8119 5709 12149 2898 6939 12332 2568 11661 14852 2213 6169 1595 11281 7625 3973 12403 12603 1 14196 12612 9386 10345 12974 6466 13434 5907 2964 10241 14108 10008 5906 884 9499 9233 9994 323 5880 12977 6756 10480 10631 1915 7420 1624 6890 12081 11217 13601 8034 10501 1376 6664 13417 4757 13442 13311 11877 9848 14228 13402 9482 677 7174 12482 5541 2843 10013 2950 133 14668 10149 11001 14870 7931 496 5702 3557 5809 10195 12077 6775 8993 5308 2363 4095 11120 10821 526 7124 10524 7976 132 11649 13225 9957 12628 6333 14478 11964 13896 11136 8653 972 13681 10855 10159 9633 8385 12796 12469 3146 4792 14906 12347 6913 5020 6875 7319 11659 3479 1837 11356 2516 4957 8245 1791 7161 104 3423 7062 4510 3376 7870 11325 453 14160
170 9584 1397 13706 13022 6233 1375 5612 5327 11979 8121 9407 4271 9519 11591 4154 6197 2338 761 4498 433 6710 7181 8089 2222 11002 8161 12261 12551 1986 2684 14254 3011 10222 11117 3109 11656 6092 12392 5251 3024 5181 8921 3581 992 6601 2188 13881 998 6855 5414 14738 5307 8890 3150 1420 8611 8440 5283 10838 3354 3984 8163 14236 1305 6125 8244 714 3347 7584 1927 11478 2416 5322 4634 1179 5772 5753 4635 2081 13741 13335 4607 5434 9219 7117 5643 6684 11935 8333 2530 6289 4802 411 11972 2659 10981 1609 4733 13613 6409 8024 1204 4996 1466 3595 9105 8809 1013 8462 281 6400 14660 8534 13717 13257 2112 4311 1602 1024 704 9584 7969 11321 9912 10460 4175 14615 8181 4715 10493 2763 5632 9189 11616 6967 11943 7159 801 13586 779 513 208 7260 4991 8572 6743 2846 6853 11001 12379 5329 5254 9341 8800 2171 4611 1621 3791 10684 8245 11361 4729 9285 13762 7347 6597 886 13831 6167 11783 12502
170 10421 2996 14489 7250 10475 2384 9864 391 2396 2579 8085 7190 3850 13384 1549 2165 1703 9475 14016 14160 13274 8139 12834 9946 590 10421 11985 9872 7240 6713 9098 7160 6423 14251 1742 7226 2016 7625 7353 5262 8633 2896 14738 7806 12518 8315 8009 6185 11541 3814 6719 2115 11606 4454 5775 2003 10748 4536 14476 475 8592 5561 1891 1847 7824 4258 6990 5895 9917 45 14798 4112 6163 1870 6858 9955 11404 9907 12395 10738 2361 10434 7768 1706 11853 12470 14235 1034 5792 901 8902 13833 13385 3787 7368 3557 14090 4461 11880 3574 11037 11980 9217 9688 5185 14320 11171 7020 5385 14155 7878 7576 7713 13193 3899 14205 12951 11128 9409 14147 8542 14742 6463 615 6765 2250 1926 2108 512 8423 11317 276 9815 9263 12460 13291 11725 8344 12475 2158 9489 3859 7410 564 12265 4108 2472 11081 3606 12881 4296 11443 14152 1166 14444 6683 5972 3497 13801 13078 14089 1685 14209 10532 5427 11478 8733 3921 9529 7977 8955
170 6176 14597 11370 7361 1530 9453 14536 6050 14754 5039 9636 979 4425 4256 3148 14468 12028 7923 4270 10231 8758 11828 7623 14629 6430 12494 9959 12428 2803 10087 7162 10750 1229 3110 1102 12656 12982 9900 8185 6313 12125 3617 11525 5928 13562 8431 9876 3191 7571 10197 8847 10616 2674 9203 13526 4951 9035 14977 5137 14000 5044 4201 11373 1307 11964 8474 4693 10601 12578 11346 7136 14163 10239 9357 11272 12287 4782 3317 10964 10547 5626 3164 6176 8779 14447 5027 13008 8287 10718 13441 2529 13639 3896 10690 13443 8573 8226 1061 14657 11769 507 1100 3329 8372 1624 1450 1166 14148 2275 11596 9136 13278 2887 9980 9365 13991 2304 14057 7444 1108 6756 412 12683 8772 11111 12791 10011 1207 3218 8507 6787 6859 4764 11233 12037 10107 13558 10728 6245 13882 5499 14901 10424 10736 9250 13285 6346 7432 4008 7797 4182 11620 12967 13485 12685 541 4459 4592 9382 3282 13487 6520 11406 9248 5678 9383 6112 12119 1761 14430 3319
172 5306 8283 6509 1757 1519 9328 12041 5340 7815 11420 534 2754 3091 11743 13104 13828 14090 11846 2872 7108 2698 2860 14742 9677 13996 8508 6474 14495 10615 13769 4124 3563 11392 11269 6170 8521 11411 9597 2091 5306 6114 14061 6861 9943 3989 6595 5893 14673 11984 11249 7612 877 8536 979 1419 7852 5390 7521 5445 12076 12767 14733 5731 14555 14350 13697 9123 10377 8172 2413 2348 3490 13149 5873 3915 7473 2789 363 14781 14890 2363 3493 7507 12281 4907 10738 1387 307 4894 4473 2623 6614 11836 548 7012 9818 14136 2572 4060 3829 2635 3952 609 8265 8268 6635 1553 9723 12072 9686 4078 3796 5035 13535 9541 12987 1343 1203 4981 1116 5451 820 3883 13057 12921 4671 3032 3617 8465 10835 12728 11273 8702 13654 11905 14864 3920 6056 14709 9160 5734 7943 13379 9582 6723 110 13559 6253 3565 9861 7375 9262 3662 8326 14785 7459 13520 2071 5443 11823 4192 14277 13775 8703 4570 14684 12600 1238 12186 8950 12518 6930 6215
174 4092 3189 7020 1840 7093 6389 2711 5348 5530 11727 4876 7432 9008 3025 9387 13234 1361 13612 9220 5545 496 9938 11920 8134 3579 8223 14524 11247 9732 7001 10582 3880 1224 2576 14912 6662 4647 8702 13212 10565 7565 1368 14585 2095 13137 634 5673 3556 6968 2990 7960 7523 10198 5762 8593 2413 11302 11668 6539 4430 11588 10780 11664 9823 1369 5177 7123 1321 195 3015 5378 8533 14201 903 9154 11441 1043 4092 3654 5282 14046 2473 1042 9266 2795 7629 1040 1805 1606 2278 1615 11385 13390 7081 12105 6002 14640 5534 9244 3725 10647 11188 829 2563 4636 2495 11869 12074 4107 7193 12767 536 584 1843 11578 8061 11908 13591 319 9400 11819 6138 13788 762 5004 5087 5129 14313 976 7071 7439 10223 9036 14380 862 1963 2021 6062 11108 5691 14666 1510 5572 5105 10359 4379 1604 14958 13518 14247 4863 5389 8156 1483 9820 7759 6535 6434 8005 5640 164 10300 14649 9183 11542 3560 3845 7753 13769 12150 1239 5651 2600 10003 239
174 3198 6263 1291 326 1058 4630 8794 1672 8502 13436 7290 8848 12793 4566 9439 4615 1500 7677 7071 3207 14797 7844 11067 8039 363 8208 8410 1842 736 6611 5266 5619 12095 10327 4981 10225 13487 4582 5156 2542 7653 13042 6051 73 2490 2362 3060 6703 4077 5632 8063 12862 4925 7355 2267 3876 10527 3607 10038 4119 5425 9996 11972 8156 8774 6911 5228 12273 9783 12788 2707 9233 11485 13191 11107 7357 13552 5857 10563 3241 775 827 10626 10119 12495 5212 4292 14572 4496 6981 11202 9034 1821 12264 11701 6388 8022 264 5143 13824 2813 2250 4663 11252 13818 3391 4062 1780 8566 3198 9419 2741 11981 3609 12269 12112 12067 12922 9852 355 8023 164 3942 13703 11720 2661 5639 14390 215 13775 557 14361 9441 11849 14689 5119 7029 10778 13255 4933 380 13685 14884 10620 13930 10169 7235 11455 14264 12659 11287 4591 8802 9725 8933 2532 4766 14956 5368 5871 2196 8282 8158 4633 14410 7021 1039 1786 830 4909 1987 1444 4214 11784 12855
176 164 7243 14179 4354 10146 14625 13260 11652 9528 7783 8506 10131 13638 13302 1967 13329 4954 9210 11023 9857 2704 731 11115 7284 11782 8589 11680 9680 14032 13501 8702 10629 11137 10327 2629 7366 7462 4193 12475 4998 11918 10443 164 1526 10561 7490 6806 11125 10685 4080 5266 5419 4071 6290 6103 12526 12530 5410 1213 4410 1493 8634 14552 4896 9330 13739 594 4783 934 14975 2469 4637 2146 4253 8944 12318 14348 4848 3843 6415 12195 123 5760 14529 5637 9912 8849 4841 10902 6981 2321 7728 8262 9801 2755 14796 12154 2820 2843 8118 14662 6869 5349 13228 2255 13909 6021 12511 5929 522 13576 11675 8324 13574 4751 13879 7756 9641 5527 6906 10243 5328 5758 2396 1782 11361 2071 7244 5790 12065 1467 785 14105 2081 4366 7066 5903 2697 5682 759 3486 1895 5012 11626 10490 9505 5245 12392 7676 12649 10321 6205 1055 12180 601 7153 4903 10990 925 2338 5737 11737 10616 7150 2858 3171 4601 6121 3460 5462 14178 8276 2264 12326 2922 6095 1608
182 834 9552 8438 1233 13820 13302 4609 2249 711 137 12525 14607 6806 6387 139 1459 14688 6456 14272 10704 3830 14482 9070 3701 8137 6147 12191 11207 7102 13882 8680 13021 9612 12928 13896 7680 9485 7543 7144 7220 10698 11647 1521 8154 10363 11397 11061 7043 1057 1948 3390 5984 3991 14654 13591 14969 11537 2136 10276 11939 11499 6957 8104 4738 692 6286 1201 1771 3129 9239 11428 6039 14705 11565 10403 9975 14651 5061 9112 1140 13140 6838 1712 10859 3518 10895 3545 7580 2796 565 12984 4982 11895 13248 834 4628 4553 5928 13957 10163 9044 954 12010 9260 644 14364 12713 10654 4963 541 2756 3802 13855 1697 7716 12914 11383 9778 1100 3579 3332 6107 13373 14335 2004 5031 4433 7137 7076 3887 9282 10446 3497 286 4452 8094 7826 3966 2777 4324 8048 2330 2374 5438 12276 13241 7172 2920 14635 6362 9596 5855 13260 7206 6810 3219 9522 101 3339 589 435 13733 14085 13552 4146 14650 1 12234 5331 11107 14046 1902 6132 11494 9844 1710 12209 6037 4410 12057 9969 6441 9584
186 2986 1357 8083 13721 2138 3755 6614 5667 6496 10281 2504 7293 12694 11850 1255 3776 1827 8999 13283 3511 14219 8702 3700 4018 13441 4649 7753 9702 4892 14251 485 5111 9875 2627 8221 369 6687 13387 7895 12567 9074 3005 14578 1122 13329 328 7017 13661 13586 2986 8273 3392 6012 9684 11086 5751 1881 5857 6447 5295 7082 1453 14379 8916 4629 495 2594 1512 8827 6791 3817 2912 14296 3767 13499 3395 12024 10491 8503 11166 151 4559 3183 11870 6273 6682 584 8359 14763 14187 936 5519 14486 5707 5615 6903 14420 1760 10719 7777 5182 12498 11948 6991 6193 5316 12807 9419 8153 5512 11545 4668 5219 14917 4094 334 10785 5281 7727 1220 2907 7002 12247 788 13974 9458 14827 9150 6627 11884 1237 11699 11373 1780 3011 6259 2226 2967 10670 12916 323 4163 7151 13385 14867 1671 8497 5958 2916 3888 9858 13780 8384 3367 6340 5319 6332 14510 11859 12128 2751 10653 9778 12766 5530 12689 6376 1130 5736 3207 7502 4596 1230 13994 1451 13310 12205 8980 14642 7921 12366 7108 6845 8419 9094 5885 1639
186 488 6854 331 2437 10472 5562 83 11029 12137 6589 11112 8062 1195 7216 11244 6353 4422 9880 5074 1152 13364 3303 9304 6473 6980 4426 4408 10639 7692 3215 1025 6106 7850 9188 13514 11886 8147 7339 13544 10502 1672 14642 714 6944 96 6618 11748 4437 6358 7594 2452 5982 12600 1762 14060 12868 1548 12905 7486 14796 11480 8292 7219 966 2124 1593 1375 11785 8090 10398 3602 6945 12443 4992 8747 13932 3888 671 1950 6592 11664 4372 1765 7542 8195 1986 8717 2293 3592 10841 10197 7675 7153 7355 5417 12018 4499 8211 10042 11093 6324 10959 4122 12901 10905 7567 5104 12605 9746 11174 7847 7374 5945 8763 5964 12548 1180 7441 5647 9338 8063 2340 1175 12794 2619 4010 922 2640 14335 2526 8524 13682 1447 7227 10580 1334 5157 1589 4016 13498 7009 13453 5383 8194 11041 488 2412 6803 7786 9993 13600 8363 11224 5644 4799 11873 4949 3352 6513 10146 1790 13516 2403 11446 13387 11110 2693 5178 4588 3813 6953 5278 6762 10244 1644 13038 5398 3166 8729 14584 11235 11449 2840 9822 9689 956 10993
188 8426 1962 11341 14757 13385 8520 10668 6926 6777 2201 10375 3226 11838 9302 14341 10800 12550 13262 12793 6921 5734 9899 3382 6543 8081 2996 12402 2737 4838 1751 9352 10617 1299 961 11094 741 6714 4754 9718 633 2320 5872 1432 13906 8311 205 8426 2021 13194 3554 9210 12762 13313 12890 13727 8359 3715 5119 8790 2736 14039 14656 11356 7043 1039 11313 14475 8495 11697 14061 1563 10962 89 312 11418 8653 9177 6954 14738 8859 11627 388 4124 5257 8908 12137 4714 713 9929 4381 5405 13080 1285 5087 12247 6998 10570 13901 7782 6692 5094 291 11827 10989 12724 9731 2317 3321 13105 12383 1686 738 8196 14 4669 10845 7395 7825 6626 1792 8207 9434 1834 3354 871 817 13034 5059 13444 3410 4684 3159 6553 10643 12329 8848 254 12980 3577 6863 2250 12971 3775 2795 9652 12164 6013 10146 9164 8544 1851 6204 3155 1536 3430 7713 249 5018 5413 2025 13807 4963 8172 3692 389 13766 9889 9355 8096 5840 6514 14726 7047 11435 6827 1450 4862 832 9030 1983 3693 10319 2981 14235 985 6620 8417 5322 5660
188 491 8626 904 11628 2727 14595 7411 4138 13165 11032 1674 3446 5957 6336 159 10546 3583 5713 12178 12695 5570 612 1121 9647 8813 6344 7364 8440 209 13586 13080 2111 11853 9857 2536 2221 12276 6074 14824 11441 3549 12631 3674 8698 4318 6186 103 10215 356 7424 5445 13923 10635 3343 9888 8269 6080 10783 14138 13205 12871 8735 9094 6666 8652 5689 6242 491 13929 10826 11179 10198 10995 2719 13952 581 5505 3737 4788 4940 8900 2731 6189 9354 14531 12426 7818 8620 7650 10350 8816 8 10013 12508 7720 4315 4478 1860 2371 3314 2875 12928 975 5282 3502 13016 12160 12611 4468 11495 10280 7281 11575 12851 7637 7763 12545 14836 3505 13962 9335 4056 11724 5691 7362 557 3141 3628 2910 10224 2479 5727 12460 4648 5928 1960 9300 9056 9166 9877 8975 7501 12887 5409 6068 12966 1590 2487 1803 10196 13446 4897 5256 12124 5788 9192 8604 8334 12274 10758 8687 8954 407 11101 12895 8675 13979 14 4760 7224 12012 881 5218 2481 13036 926 843 6384 3002 13043 11124 9619 8005 3179 11839 8782 10071 10767 13465
190 14480 11272 7540 729 5814 2957 14095 2410 11438 13248 12791 10508 9607 11791 10123 1515 1996 13746 3700 9502 2654 10708 666 4645 8751 6599 6084 5144 3413 3532 9428 12729 11264 1563 3861 8945 5160 12298 2569 7314 2502 11999 10799 4162 14264 8340 6991 4782 1274 399 12713 1645 9458 846 8493 12195 6552 14354 9971 1752 14480 7133 14146 7361 12755 12662 9767 6268 3301 5123 13365 2954 5967 9740 10960 8217 10858 12406 8928 12560 3765 11837 8357 10352 5571 816 6260 4461 2586 13967 6987 3456 11660 5318 12343 7496 44 5534 10838 4793 12686 2611 9811 3895 12485 7360 4140 929 7161 5707 767 10585 3756 11019 132 91 11974 7572 10395 14784 9114 3572 7907 863 14026 6678 11659 8206 12912 5320 9247 11185 10188 6749 14353 7043 5374 11695 13709 5462 10532 492 835 873 10881 5089 2995 11783 9283 9966 7379 8291 6769 1145 6476 3093 7027 9053 11908 13427 10666 8430 6868 14726 6731 7262 2 6209 13601 13082 10804 10946 13529 7855 975 11192 10046 12487 1184 3059 2347 6108 13397 10495 3265 5499 11567 2996 6637 8792 1862
192 13579 2716 3400 2510 11918 2136 3056 5203 9283 1316 9362 6999 6165 9227 14399 10025 6856 2045 1354 4183 7261 12438 14461 12201 6494 3512 6483 14143 2514 3 10859 13720 13083 2700 6039 9859 14825 12593 8998 7750 5926 439 7069 7426 10232 3052 9139 3369 1910 13029 9099 2979 4913 13449 8385 6638 13637 1313 8349 8339 3725 11484 11588 7817 14351 7107 9108 4104 9754 13743 12257 9264 346 5198 4448 3809 6382 5195 11373 13722 29 5374 8710 9265 9373 2152 2881 12147 11872 12020 6473 3604 9796 722 14079 9060 4852 12805 8447 13049 12221 12349 4078 9165 3747 3020 10814 11271 2408 6019 48 8716 7712 3205 5966 6697 7010 1369 9673 13470 14654 5924 5291 13969 5998 6936 12532 2770 9382 1493 9176 14204 10736 12312 10434 7668 7236 11589 13007 5307 8924 13579 336 4938 2479 7384 6339 14307 849 10157 3833 9609 7341 14226 10002 9440 6817 1867 4273 13164 13331 8347 8934 6836 4050 7714 12331 9720 3232 1528 3611 5354 4611 9002 2425 4898 4020 14413 11281 12787 13657 4798 4881 5513 10819 6261 13465 14606 12451 12131 9268 14304 10760
194 7423 3205 9861 10593 13007 3577 10187 5841 1460 8340 13272 2026 13436 8586 14763 7407 3271 12142 6227 7066 2975 10856 3081 6478 895 1965 3744 5978 4486 4386 4508 5663 9927 12006 3485 2772 10668 12488 2726 13096 13899 1247 5800 4091 2711 7758 6824 14804 5420 8961 13210 7079 411 13016 2507 6791 4623 10956 519 3917 8226 12077 10569 7033 6037 11369 13071 7000 14678 13631 9144 8998 7204 6932 6873 11092 8298 12288 4450 11045 5207 12647 7196 7670 5687 13773 1352 2366 10839 7197 8874 14868 7773 5908 6420 12265 9054 11126 6434 14324 8313 2436 8667 5816 12632 11908 3083 10669 12226 14298 13979 2882 2863 502 6855 10080 5748 12925 3665 1875 12658 193 1129 12986 10682 13879 343 2398 11077 9688 8228 2602 9419 6099 1787 391 173 13850 6228 8337 4258 10810 6754 6838 13238 7858 2572 14554 1122 8031 387 2968 12525 5553 6035 8210 6189 4303 9862 11546 13006 12846 3326 2451 1223 3728 9686 12194 12516 7794 2874 5886 7942 5625 5681 10960 7737 9266 7907 7423 4289 14306 7048 341 4448 3367 2744 13178 9668 166 937 14892 603 2197 1417
194 7194 683 5899 1142 7699 12987 1664 11970 13566 14336 13356 4240 4714 3694 2268 819 13551 1513 2866 13439 7608 8283 11521 12906 9327 13789 10766 12831 9472 12270 7427 6828 1163 7257 6429 8689 5235 14519 13092 13443 13542 1630 7194 12888 14868 6862 1751 8673 1093 3611 97 4873 8259 11922 13578 9723 10839 1640 6202 9519 2878 11701 3243 13272 7715 4457 6567 1330 8902 7289 5688 7452 13816 4134 3320 5210 14256 11838 13724 13254 14612 11062 897 14624 6335 4693 6539 10620 11120 12030 11114 9620 5243 12100 8378 14581 3064 14290 12480 12640 3110 9511 2627 9541 10595 4195 14548 9059 4500 10872 261 9805 10168 881 152 309 9187 5687 2446 3986 14750 7245 2953 13957 7119 13162 6959 4259 501 6408 14956 1925 13015 4901 9305 3230 4702 11946 7851 237 13997 316 7501 12760 10395 9839 14950 1510 13138 1319 4489 46 8994 7723 5888 4918 5711 6693 4569 14072 10339 235 325 2188 12443 6740 4627 13299 13974 12691 11992 4939 12412 5500 1747 7772 14493 3212 211 5501 10240 11849 14630 11629 7654 9414 4924 8830 14334 7276 7399 10180 5262 9911 7894
198 9228 12239 9280 12924 6055 9720 14667 12901 655 9228 14687 7953 4956 11003 1169 14758 10300 167 2398 6856 6548 3034 1138 3651 14621 12814 13493 13283 11555 9362 14001 11703 2661 9717 12937 4940 1206 933 875 4707 10469 7348 1872 11000 4787 8851 10437 2457 6953 4513 11544 3643 13383 5881 8228 5849 12044 957 10644 1971 3505 2041 10460 9925 4613 5264 13424 5930 8172 10973 9569 4583 2538 3885 4331 11804 3549 11573 3336 4530 14561 211 13768 14513 11832 483 3553 12962 4910 14284 5637 7874 9057 7304 928 14235 4428 7949 13244 2875 3659 2579 8662 13051 8447 14528 11013 8101 9605 14232 9738 1181 963 13218 1858 14245 7403 13787 1150 12135 3839 3564 6574 10010 2384 13629 3393 1753 5652 11264 9382 8963 12503 5567 1843 14696 472 6390 2014 2600 1613 7424 7288 1046 2370 10927 1301 9630 10989 7349 1314 13588 11795 12491 1918 9082 7654 7099 13836 4880 14603 1576 4793 5179 2805 2584 6599 3202 7864 14246 13511 9920 10627 11287 4480 7985 6279 12680 2898 8885 4962 11368 14507 12838 2022 9674 3841 3801 8762 1116 13371 9918 7666 12168 12915 8598 8464 11231 3837
198 9540 758 5911 5562 11790 14844 1094 4843 10057 1069 1250 11341 14502 5643 3217 1606 14298 12504 10087 6157 12594 14110 9721 10167 6083 2823 2646 6209 8056 12613 3485 11421 12616 288 2381 9884 158 9327 14433 9947 527 14038 3139 6798 12940 7333 3392 8488 3243 2316 9058 4404 2714 12543 1109 8651 5338 13686 11986 13472 5082 12480 692 11710 6650 12858 1399 10394 354 6728 1448 2188 14191 14459 7952 1930 6587 672 8876 6792 12730 10578 12557 8434 5211 8974 14818 3319 6676 14015 3497 525 12554 4495 4707 4734 4946 491 11584 6380 1715 1781 7110 1684 14661 760 2772 8468 6785 9540 11334 13805 2021 3289 14679 430 1869 1496 10800 5485 10165 8991 239 7079 6305 12284 690 1748 10825 3318 9260 3606 2459 7564 6920 9248 4868 8880 2821 6155 11455 12836 5907 6179 3302 11258 10638 11363 5239 13745 7044 9123 12275 3989 2877 8222 8627 12127 2700 1923 11807 14244 979 1511 7331 13139 10713 7568 2902 8813 7442 8739 4662 11876 1985 4515 14087 13970 1984 3447 13422 13794 12703 4070 4389 5610 14793 6690 2531 12065 9603 7979 8608 5286 12153 11084 9516 14786 5049
202 6153 7367 1446 10897 14446 4861 7310 746 10606 9338 4337 5750 13241 9465 12886 7326 4158 10813 9516 7537 5463 1801 4820 3938 1284 14310 2863 13516 6685 9699 3340 5064 13634 6524 7871 8507 3400 11553 3688 6013 13880 5041 7714 6698 6919 14285 12362 6921 8218 8747 1651 513 1963 4398 1125 13941 5878 13683 4678 12793 14903 11900 424 7468 9679 9031 14114 4471 9368 1579 3392 3145 8591 10609 11406 6968 12193 1043 2542 8397 7891 4268 1271 11347 6153 4014 9885 14521 8128 3577 12980 2775 12951 6257 14453 4344 2850 7752 6261 257 2882 9058 1039 8897 7005 8929 126 13464 4630 7626 8186 10331 10938 777 7502 8871 6139 7189 368 2797 9836 13038 13318 2784 5207 9157 11082 2353 4247 3439 8883 606 62 6915 7190 12629 1784 10904 5611 2135 14857 6386 4661 524 11270 1798 2332 9854 13780 14217 5523 3847 9834 5215 9831 14398 2247 10820 13369 137 12910 14695 2881 11022 1294 5638 4737 2514 14879 6907 9765 9379 5391 12802 1103 14458 9792 771 1452 8991 3871 11143 10817 9026 13232 1790 10276 13903 338 3759 393 4591 2900 448 3676 8166 4246 13759 3350 1448 3941 7319 9829
202 13321 10410 6637 14989 13192 14787 3619 9489 1348 6085 13737 575 6879 10649 3250 11982 3979 5647 2721 11356 6824 13461 1815 1347 14686 1944 2731 14766 10554 6108 5462 11185 6798 8543 187 12761 6112 4158 7424 29 11650 13305 12092 6876 5911 13886 2002 4669 11375 1045 2567 7856 3935 10872 7140 9294 5994 13165 5292 2915 3321 13048 10984 7418 4216 12726 14375 9064 9025 14101 733 2064 5183 8087 2264 2630 11505 1533 677 12519 9626 461 12592 9918 7589 3290 7409 8773 12114 3815 2279 4854 5819 9594 2415 3748 4528 8496 2252 5839 321 8742 9117 6571 9079 361 12844 3297 10107 12816 7041 6917 11780 3438 6498 12522 1384 1356 2748 3345 10174 11688 9629 5123 6738 14424 8064 7979 14580 10829 1856 357 2385 11826 4273 608 4219 1991 4679 14544 8023 10746 1677 3884 8442 314 9835 11434 4173 14183 4967 9645 13492 4280 1791 4341 14349 4940 2687 5118 10839 1981 1301 5087 11091 665 3652 12602 792 1642 10745 1505 10088 5637 4428 53 5675 12531 6909 9717 4277 3214 1478 8320 4832 10540 6071 623 580 8351 3523 14070 2804 616 14769 11570 13301 6642 11582 1755 13321 9296 12336
204 7760 1489 8430 12852 12608 7091 9510 7442 10057 2843 11391 10879 10360 651 2173 13566 14111 1622 13224 6753 8111 2511 11489 13130 12600 12559 4844 7760 3418 8332 3454 9387 1730 8782 6344 14335 9515 6247 3303 8130 13282 3585 993 4121 4765 4250 7690 12292 2370 14068 2117 9431 3190 1286 14990 5983 2443 14350 10811 8835 14060 12337 11019 13550 13640 12398 12799 676 1939 1758 11244 12105 5306 1328 3338 11324 4770 11983 4231 4459 9713 9282 7845 12713 4616 4492 4875 2572 11069 2630 13572 2663 12511 2472 5695 8641 14310 9697 4279 8502 4694 3547 170 8653 9492 2054 3603 13433 1820 13800 4811 5864 6629 14023 14911 13283 6013 981 9185 3714 8424 14675 4846 9668 3142 11071 4959 1160 7411 14104 7591 1627 1215 9289 5313 12953 7063 9596 14431 7228 5762 8140 7984 10053 2904 6986 6200 13309 14523 9331 2119 13460 8582 3630 7719 5754 178 5230 14610 2126 5725 13151 13201 1837 1996 11770 3089 4711 14541 3575 8767 2268 9932 5322 4797 4967 2493 3557 10413 7020 14826 10059 2454 613 10143 11929 4728 10586 6689 11309 3957 12763 6444 206 12874 9868 332 5223 7438 9300 8908 4832 11617 1382 14742
204 368 2903 4418 11585 4246 14655 4075 13102 14970 5174 2473 1535 10576 11649 4367 6414 3035 12801 4101 6530 5328 8077 6076 9421 8027 6780 4877 7122 8365 10754 6044 9854 7692 11671 9184 12254 10315 6961 6336 6346 7408 959 3585 12450 4931 6058 14373 5543 14896 12326 14151 6760 2763 6843 5412 5618 4131 454 415 3515 1455 2745 1011 3616 1666 11468 12127 14798 2951 11393 4751 9926 9749 860 10892 6293 14105 9020 8755 3574 13643 13027 8045 7450 1691 992 9404 3641 13259 14826 4939 10863 10087 6575 12912 11860 368 618 11031 1705 3004 11619 4935 2873 12347 8628 12392 12115 10014 3396 10670 10990 6786 12052 3826 10086 6977 4617 14197 1542 13854 1875 3685 820 312 13878 10960 1944 6557 926 14703 11695 11314 2467 9343 8523 5308 10736 12365 4719 7626 7191 4251 8131 6628 1987 14486 9102 6979 102 10066 14408 14534 2308 11344 13901 3192 12736 2601 12156 11906 9991 5035 741 6066 5566 1144 8835 11195 2173 3547 14630 12381 3057 14693 11950 14814 7859 11058 6880 8825 5530 4062 14807 2026 13702 7546 4445 4968 11404 10279 4546 5564 10878 2046 6735 7368 2095 5563 2268 4160 11963 12884 9057 985
204 8172 8717 4403 7710 7412 4469 1025 4144 2604 7653 13540 1584 6342 6064 10620 9441 14803 8043 9652 10185 257 2751 5410 11222 1372 14219 1341 10513 6718 10281 12373 4506 11616 4393 10838 10785 2732 6378 4807 1482 6668 6268 5312 2067 4545 10822 3307 2169 11233 9835 6660 955 5282 8637 8753 687 1303 5002 4674 10353 9807 9090 10723 4817 9730 14168 11103 2548 3903 9646 11760 13794 14057 435 1739 14172 11549 8066 5951 3110 4446 12567 12489 6136 838 13218 12455 6968 14016 1619 13631 11308 5227 8702 9614 2585 2027 1603 10319 13439 4113 10765 7876 11625 11147 7360 13796 7686 12120 5712 9107 9851 3389 13558 5740 4366 3747 11881 4732 1843 8172 12788 3409 8195 2418 12674 1494 11380 1257 7788 12897 740 14170 226 14206 14565 10494 14434 12304 10832 9948 11648 8416 12061 3886 13330 2527 12082 1313 11597 3846 14318 13831 11130 6014 12652 13078 7080 4347 9465 9496 13720 7700 10287 4798 6233 7447 8586 3201 6068 9721 4477 3158 14777 13506 13865 14138 9164 4831 5652 3020 10967 4576 10879 7975 1431 312 5071 2292 10176 1751 4520 8223 12601 9208 7343 5223 10152 9982 3905 11844 8771 174 14115 14283
206 13555 12937 8049 3336 268 7028 12135 4639 13286 7001 12310 14596 10436 3408 11965 8232 9018 2341 1237 5838 11445 4854 13555 6098 2639 10785 3673 8895 12117 802 7008 66 7103 7841 10611 25 8215 2339 7388 12440 2378 4129 1636 12298 12196 8800 14514 1669 3031 3653 4838 9386 519 4483 542 9916 4462 7786 10676 569 11680 309 5802 14781 7107 10989 11308 9170 1425 14981 11992 5610 4720 4164 4059 9177 3365 10483 7541 12379 2747 6522 8832 11926 11764 1419 12794 14089 9233 3621 12944 947 9431 5712 3974 8111 2941 8956 3911 9263 11040 14085 5725 4144 11631 988 2123 2003 12714 8830 2713 1067 12949 3716 10192 13867 8261 948 3782 6424 9065 765 8029 8707 231 5715 9552 1104 4834 11618 6003 3596 10764 6165 13112 6735 5753 15 9269 3530 3278 12312 9751 3565 8322 3316 1534 9332 3257 1523 10034 9977 7655 10344 5857 11456 169 5750 455 2796 6009 6086 5876 4752 8767 12983 6737 9525 3529 8775 12647 6955 2320 10370 11161 1094 9438 11801 1507 6527 1159 2122 10592 2366 11240 3236 5298 2440 5444 14695 505 10282 2468 10256 10020 14650 11017 813 12729 13691 9022 13186 10229 14270 4857 13870 1800
206 13536 12451 4479 13857 6070 1050 1544 10875 3328 6197 13845 9060 10267 2265 3090 4315 14595 851 12927 10759 6227 11998 11201 228 6714 12472 14822 5541 14901 11483 13047 6235 8284 14462 9434 5332 8695 11258 11858 645 11470 13536 12822 12180 1052 3972 801 9317 3996 2728 7811 950 14729 1199 14645 11912 4002 1257 894 10468 2743 2387 7730 13803 9991 13114 8031 6994 6136 7495 8858 2717 7162 10031 13759 11678 10665 11390 12188 13307 14461 1806 7119 8042 6379 7724 7357 1578 7007 11467 1179 11776 6521 8244 631 12898 6666 11977 3863 1277 3772 4531 11481 10045 8355 11408 11784 12783 4408 2495 7031 11989 1133 2449 8221 9785 4513 12573 5258 2652 3325 11827 7826 2034 3456 14738 12130 3834 6835 6872 13469 4497 8429 3959 4298 12462 14140 189 7327 3419 13663 6383 9420 2191 12921 2645 4177 12975 5919 9586 13675 1172 9076 9662 2299 10183 6254 2968 9719 1699 2665 4507 1798 14426 13393 11755 1668 11054 3730 13979 844 6306 4438 14818 5007 11990 4185 6826 3095 12943 9150 12805 2145 14034 1567 7735 12483 7804 14225 4559 1608 5110 6514 701 14432 10298 7460 11183 12961 3718 11951 13499 11839 5615 12879 9736 11430
208 974 6121 11627 8376 2635 5390 2684 2211 7266 11836 9599 3314 7410 14134 14970 11510 7616 13804 13273 2905 9868 6363 13950 2256 5316 25 712 14297 11529 5552 7437 10340 2455 7226 8360 6425 4727 2795 11914 7149 4003 13490 11229 11339 4600 14133 3875 974 8654 4967 11648 7944 13136 14087 13913 3851 10300 10269 3842 6092 12412 2734 3431 11979 3058 12471 5948 6632 12034 6815 4542 4768 4150 120 11805 763 1102 13330 12333 1246 6205 6541 11929 1002 12016 5107 7751 4035 5960 11855 4817 4937 14646 722 9251 8981 3786 14933 10217 10046 6883 11124 13332 13527 5938 11699 14839 8055 11355 4171 12907 12441 13009 9714 4045 7219 1114 4212 6866 10907 12430 6874 2998 537 11228 13829 9725 3882 1399 12505 8408 12244 13549 6156 5104 2526 11426 12327 3609 1258 8938 9319 8144 831 4792 5320 10903 1054 802 1225 11185 9668 13664 1509 1338 6626 3370 643 10885 3616 12792 8849 5863 13050 8494 7633 13441 5093 5918 766 11771 7861 7762 12043 5831 12651 8848 6131 11649 89 1601 1572 1077 12216 6566 10401 8710 14606 11726 4286 2766 14828 13633 13194 2388 10938 4249 6076 6002 2357 9184 1186 14067 2387 609 9074 10134 4886 2877
208 3044 5279 9986 5085 13292 1091 3198 14946 2885 1430 6782 1215 11270 13924 11084 4489 10580 5969 8841 7541 1093 3737 1483 6720 7092 4667 571 14000 2010 2803 419 14952 13043 6643 11429 9666 3582 3375 1727 3074 138 1832 11753 7512 4697 10051 2452 11024 465 6250 2510 14856 4295 1242 2219 757 9976 865 6817 6751 13998 5103 14272 9409 7839 4254 7994 6907 14581 8612 163 10955 9711 5310 913 7019 12513 2593 6232 11745 6473 14291 10836 6335 100 13123 2209 3725 1741 11546 10711 6016 53 3677 11242 13820 14273 11889 7638 7062 5197 12316 11335 11136 5737 2859 4928 456 10925 8894 2116 5780 12980 12759 148 6303 1759 9930 7253 11314 10355 13438 11464 6104 14958 9687 13088 4760 1174 14445 1915 929 8344 1626 7742 6811 4495 8874 8622 9327 8475 5107 11202 7966 1326 5256 12141 533 8775 2901 10756 9904 3594 12423 6871 8462 3044 8934 3336 6423 11696 13328 14078 13394 7112 6884 7922 462 4069 1193 3318 5919 6191 7258 5609 9649 5307 10715 12821 1188 9118 11776 12027 4431 11518 5266 11787 2912 14340 10541 8647 1997 9742 10856 4028 8990 6399 8126 10016 5624 11093 7324 11397 6604 779 11111 7920 7898 2014
210 614 9473 6329 7980 10686 13596 8492 12465 10513 14407 10688 13026 7047 3047 10156 10929 4396 9105 6462 2276 2006 2330 3570 5302 13503 5809 3450 11467 6706 2150 4020 14826 5678 10800 10134 11571 4281 8657 12529 10795 12511 3924 9249 11620 1644 3434 5651 12492 1074 11957 8088 12030 7708 7474 1634 12941 13584 4742 10187 9431 12200 8324 7885 3952 3324 1286 1666 3135 3686 7651 5336 942 8770 628 505 12959 2465 7492 12730 12479 13989 8755 6636 4731 11698 10043 4780 3103 8948 363 1222 3273 1753 12726 2759 4547 11954 2501 12867 10443 9655 12051 5390 13890 8242 1432 3398 2682 13604 10638 2606 12404 10932 3888 6325 7345 4134 10298 13244 2557 3826 1482 10654 4096 10492 2452 6105 4928 1977 4103 3145 12111 2974 8765 1999 9208 5685 5935 5292 1881 487 9453 3569 6756 7209 4310 11495 12474 10449 3037 2967 2166 8169 4070 8157 4830 8832 14559 6216 12033 14749 3774 7315 8392 5831 7188 13610 9610 13452 1400 6620 13741 1082 7975 9981 8794 4109 14859 1529 12192 3269 10685 10393 5910 12991 4733 813 614 1536 7768 1457 10140 3422 12710 85 4529 6349 5003 1316 13898 11266 2996 14339 14751 7811 444 619 1071 13629 11205 3311
