9095 6221 7845 2367 535 5227 5395 1364 8739 7845 9591 6551 5160 8624 4948 7386 7218 5273 5540 9248 STOP
7639 809 9998 8652 4850 5204 5732 6532 8015 5420 6776 2010 181 7930 5224 4055 8261 STOP
1 4927 5036 4858 1114 115 9594 1361 8355 8419 5358 2586 3730 STOP
1626 6642 9518 5349 1843 4316 5975 1446 1374 2221 9912 9240 5055 1306 6930 2254 4190 5167 4357 9305 9861 5899 5593 1721 6117 1581 8868 9353 6940 8699 4902 STOP
6891 4885 6814 1442 7128 6180 5785 4538 9871 7562 2582 4166 5803 7733 7333 7855 9760 STOP
2301 2144 2193 3564 4784 4273 9802 4010 6222 4487 4514 5770 2532 STOP
5820 9487 6857 9817 4255 9755 9815 2616 6538 2967 7298 8878 5761 7413 192 8232 4175 2464 STOP
6420 3802 4331 7645 2376 3259 1463 3132 6737 721 8309 1025 6948 509 8412 9398 6001 8315 1897 4000 5646 2534 4963 540 3755 8822 4287 6537 11 4663 8174 4494 6636 4989 4572 6839 4822 4892 8414 561 9958 4093 8744 9776 2769 414 416 6637 9892 3348 4370 4833 4135 8929 5144 880 907 9055 5808 2538 5204 4422 7448 1035 1950 9417 7760 STOP
8637 5119 2995 2189 3744 7640 4503 344 5071 6220 8213 3318 9933 7783 4098 7860 7074 5591 4820 4011 912 3016 STOP
8596 4449 4068 7314 1868 6561 2254 7671 8884 4957 6369 227 3401 5323 5438 5200 5572 9897 9418 9342 4159 436 8889 2472 7874 108 1921 6293 4194 4553 4190 3014 4829 7604 6199 418 3551 1989 6547 1044 1366 9689 6812 1767 6444 7639 2005 1168 758 8123 3047 9332 6704 4121 4028 1465 6952 8206 8730 7843 8417 2189 7151 6686 9303 674 8046 3398 STOP
8319 5124 7004 5981 7809 6874 9938 4181 9900 4294 8250 144 1819 1947 5076 5776 8282 8777 331 8336 2129 7449 6198 8163 3662 7248 4338 815 5196 6631 8808 7857 3326 8344 9667 16 2851 1143 3076 524 5866 13 30 3381 2974 4158 2557 9224 1354 7 953 1377 1363 3939 6212 7267 4295 4310 9683 7397 6010 9297 3645 6736 8766 3659 STOP
3904 9405 1847 2956 5951 6176 3628 5964 153 3712 9785 7988 4117 5278 5252 7291 684 5221 2000 4791 243 2312 6837 5263 7661 1270 4715 2279 1067 2958 9900 8851 2020 5299 6644 5969 8177 6502 6047 5489 7721 2482 9250 5712 8348 4845 8477 6797 6079 8257 8237 5663 5640 4640 6480 488 8267 3101 1607 2092 357 4899 3347 6871 1634 9002 3591 4385 8059 1128 4595 5987 8098 7090 1236 3728 2969 6501 1465 3541 9789 211 1884 3224 7832 1624 9157 8715 5813 4170 5753 163 STOP
7936 8236 1672 6425 3071 2867 7594 1129 STOP
9044 7948 6428 6796 6965 4794 9167 2095 4485 8559 3322 4667 6871 6743 5593 3155 1130 8546 4548 9273 9781 8797 1698 247 3541 107 4401 7644 3782 9415 1776 4218 9303 3893 7012 6869 4276 6138 7799 7433 8738 5767 3587 5693 505 2961 9460 9616 6396 6386 9282 3064 6269 2565 9079 8426 505 1116 8527 1587 7741 5724 2909 1551 3060 5421 5098 4080 3019 8318 9158 2031 722 4052 1072 9529 6023 1600 8953 3257 2750 7077 5705 3649 6688 634 2015 8658 1060 4211 2277 5801 17 171 STOP
8057 1961 5000 9198 8343 4507 3524 1545 3908 7285 2788 581 58 379 941 810 6263 8067 8122 5937 8808 927 4438 3137 6107 5953 6331 1968 6601 1037 3617 3516 4447 6600 1678 5313 481 5637 3125 8911 588 4255 4936 2024 9432 1174 9778 6758 3895 1217 2666 8472 4013 6477 5326 4508 4210 6076 1451 8793 5607 8564 1189 4030 2201 6737 2004 3316 4032 7276 9198 109 1697 9510 1717 678 6676 9025 4558 520 5093 5545 2658 9116 4973 2255 7226 8168 7138 7749 3797 4871 3537 1414 643 8042 9679 2604 982 8363 220 2809 6712 3777 6183 2368 2424 3669 1121 952 4421 750 6663 7625 4292 6866 5772 6030 STOP
6036 4188 2326 7994 60 4934 5854 2408 9408 2253 2094 8691 8270 1034 7936 2824 2277 4162 419 5316 4650 1780 8933 803 8589 5936 8757 5606 8223 235 847 3405 4176 8794 6421 849 1799 3188 3647 9298 4168 7421 3740 174 9300 8117 7606 657 365 4535 6601 4418 STOP
7403 3925 9219 7312 657 7435 1501 7574 6385 395 9724 4570 6668 172 1546 6177 636 2198 1142 9277 5355 6389 7404 8696 6038 8246 3259 5990 5 8248 7715 9484 3762 2914 5726 6355 9461 8777 3072 9780 7071 7800 5622 7593 9889 8890 738 2280 913 6698 6628 3016 897 2024 147 4160 4063 3969 9669 2662 939 2169 4912 3583 6732 7896 1900 4324 6427 1198 110 7368 4817 1991 7530 6170 3779 3810 4002 3790 967 6041 1450 8219 7115 4776 4242 8364 6321 765 5877 2210 STOP
4196 2411 5682 7134 3147 2050 7537 6292 8569 382 1040 2281 8479 8459 5064 1908 141 9776 8069 2761 9891 736 5156 5254 7695 4245 9869 7747 1662 3127 4827 5430 6390 5985 626 9811 1078 9715 4169 9551 STOP
6134 1772 8987 3379 8735 3231 1053 3366 6349 7940 8776 1424 9410 8684 2706 7443 9159 4427 2126 358 9516 6739 9745 7903 5792 1862 1128 2922 3201 7789 5617 2252 7394 8248 8410 9706 8872 4425 2948 6292 1897 2167 4819 9260 7519 4030 2803 2426 4062 4643 805 8781 5359 9445 1300 7415 5525 8876 3438 2240 4909 3084 7952 4485 2555 4000 396 7980 5505 9424 1191 5119 1155 5619 1762 8014 341 9839 1443 8012 911 5337 643 174 8682 5041 1126 4581 6010 4778 4924 STOP
3282 3432 2246 2201 6392 6521 6508 9073 1954 2334 6230 8303 382 3633 1995 9366 3539 4798 4849 2255 1641 6512 3419 7391 210 8085 2764 8551 4441 7824 4868 649 1720 1399 118 4158 3198 2830 5996 7764 9335 5355 2245 3405 271 1106 1015 1937 4810 9732 9171 8334 8698 6165 6070 5140 8529 2991 8543 1864 3418 1111 818 8208 8425 2205 6837 3878 2758 3511 STOP
2857 1047 9146 1467 4579 9326 3168 7279 5767 2261 942 2413 1132 6902 3491 9134 2476 7299 6796 8018 2265 7507 4136 1691 3070 3833 2043 2067 3072 490 7433 6877 9220 5609 1054 2217 6568 7626 567 6585 1328 5034 8711 95 1566 874 4447 9780 2342 294 8187 1300 5364 8694 3903 3005 3460 STOP
4025 2676 7002 9635 2224 8296 STOP
1136 5595 9007 1692 1021 9211 2389 5961 7294 6158 8852 730 2264 6632 2462 1262 5280 3507 9172 1389 4728 5610 745 2131 533 4338 8455 3621 7133 9112 1232 7980 6269 6307 6054 688 2915 12 493 9479 3226 4706 2786 5278 3563 7594 3235 8809 6639 5856 4421 1676 8205 9461 243 9730 5823 4814 5605 3877 5713 774 1075 9198 3654 60 3559 8871 4137 7864 6261 1057 1621 7836 9555 4827 2664 6573 374 9335 8904 1225 267 1971 4155 6076 5943 2504 6967 4189 9168 8387 2591 STOP
6766 307 9071 7819 2846 3148 1878 5658 4173 1293 6869 8835 374 7617 9555 3874 6349 8004 5912 6348 8644 6680 6518 176 5203 7730 8570 5979 8029 6755 2244 562 STOP
6981 1934 590 3859 1165 3456 4861 1325 7957 308 3963 2490 630 5693 6385 1082 2412 4396 5080 318 8103 1625 6109 7833 5331 5335 6508 6127 4315 2391 2558 1238 717 8046 2504 6608 4254 3481 6463 9504 8630 7443 4741 921 7838 1041 3986 2880 4029 512 1650 7546 6227 3136 1746 8120 9573 4655 2034 320 4427 447 7648 9675 2969 4995 8763 6448 447 1538 572 6005 4814 2485 4477 8798 2515 4874 2653 1778 9862 2555 783 3026 2048 1707 788 7693 5840 7666 204 3528 2404 6671 543 9866 168 5978 3895 2595 1462 3153 2238 4059 1207 3301 2445 5468 7175 2638 9533 4572 5419 7595 4180 4723 8372 4368 9760 2870 STOP
5609 4362 1401 5828 1033 8579 5020 245 9645 9272 2674 5872 4240 655 5450 7312 66 4241 9373 9782 8269 121 8080 1381 3879 4077 9904 8704 2617 5306 330 6913 6821 1079 5920 9866 5394 6307 6407 1232 4468 9233 2684 5351 9391 7409 8180 9480 3773 5421 1438 6708 2986 5419 8212 375 1831 5490 3189 5627 6021 21 133 7547 2664 4015 3767 1664 6834 920 8824 2963 4295 5098 7091 8043 8977 9395 159 6748 1166 7333 7442 6160 933 8625 6142 2 1757 3800 6673 4433 1892 3722 548 8892 1194 4134 6581 2427 4880 4228 2258 4150 3888 6754 306 6554 9862 6300 6053 3661 9918 4856 6620 8420 7294 708 579 8340 929 575 7865 9808 7400 1381 4757 9665 730 7975 1383 7089 9452 3790 2994 8795 5322 3037 6300 147 286 6925 178 3625 2881 6726 2130 1953 9160 9385 8262 9901 3095 9100 2689 7339 6837 STOP
6009 4000 9094 1006 6030 5585 9448 3886 7723 3046 3342 7506 5563 498 6105 6214 3715 804 8790 883 2697 5413 STOP
247 4381 5607 5412 1354 1372 1463 5321 4480 6890 7880 1513 2499 3031 9729 2315 3221 2664 1546 3568 STOP
7576 9066 8588 4982 2041 2877 658 1072 9739 6547 6308 7954 6184 9856 2066 2323 3851 3053 8868 95 174 1125 7748 4079 679 4944 5027 6549 2012 8971 632 9475 3023 6387 316 9397 799 3210 5081 3792 4071 1506 7974 2440 5590 7262 6152 2924 1546 4019 7604 4572 2301 3567 9473 1958 8377 9463 6763 6913 364 4950 2125 6739 5118 9415 8164 4139 8284 6037 6438 6938 5984 7384 4978 9952 5572 4589 3533 4730 4005 1948 983 8674 3196 3682 9578 7131 2675 2143 5798 8533 2056 4899 6990 3271 8307 1519 1375 7845 6269 1138 9242 2078 417 3705 2958 15 9599 2490 3754 9226 8378 6418 2052 7118 1549 3603 4022 7173 5938 STOP
1908 6003 9145 9102 7609 1049 3458 2221 5400 9029 1245 STOP
9900 5748 7821 1352 6974 9281 5542 3473 4797 3295 3684 1584 6937 6130 3624 8444 953 3514 6489 1151 9458 1280 3073 7317 8782 1977 5939 STOP
1838 7968 915 9203 1828 1780 1139 4261 4654 5605 3622 9140 9599 1138 8858 8712 3718 2018 7241 9675 5961 5198 3462 2663 9205 3442 6292 6222 8284 7144 8251 2796 9844 4565 7902 5210 3054 4903 3766 8075 5009 9303 5084 3305 2353 658 9911 1458 6066 9205 4602 1887 599 7640 3746 1728 3084 5326 2928 4895 8623 1089 257 6915 4201 5997 8555 3580 5631 8866 5727 8737 5645 7458 8722 9252 835 5978 7925 108 2645 7959 4855 1361 3627 6055 9162 9835 5997 2769 5316 2802 1672 1814 5122 7556 9431 4656 8485 229 5082 5266 6524 270 3958 221 513 2059 135 495 5594 6996 4453 9893 627 8941 6872 6751 5088 3392 8099 2448 3071 7355 7923 3459 4256 3035 4918 5742 3749 4900 281 721 8224 8107 5649 7473 8721 9121 972 5594 2014 9264 2469 4759 7619 1646 7694 7639 4943 5817 5185 6951 5672 6067 4081 8863 2023 2363 9380 7508 68 6975 6089 7029 7674 772 6585 3045 2888 4823 471 2388 815 2235 7458 9959 9023 1779 7112 3429 2210 7067 6974 7190 9517 2621 3938 1052 9402 2292 9010 6404 3560 7532 5866 2917 6033 8235 1288 6607 9167 1430 9988 7051 7169 6693 7638 4834 593 1448 1435 5743 2299 9629 4036 6385 4999 2844 5524 4858 9031 5339 6706 3946 5616 6452 3919 2334 5759 4800 3945 913 6652 2784 6473 8794 9039 2217 2272 8210 7257 3175 3404 6184 4320 5132 6611 8705 4156 4414 710 744 2057 2063 3817 3243 3121 1216 STOP
2057 9807 8005 6457 9201 7260 3472 8479 2588 7015 4499 2049 4955 7398 5989 4858 503 9264 6491 5305 7962 3590 8378 3842 5434 9983 8644 7033 3563 1221 8582 6237 5381 6052 4065 1574 197 4229 7033 1072 7060 3334 7234 8505 3652 8187 1345 5938 106 4068 3048 2535 7483 1188 8950 1827 6724 8360 7033 5140 2607 2392 2137 7271 7659 5339 8102 4824 2637 2224 195 9662 8278 7797 996 15 1021 3202 2696 8837 5362 3474 4770 413 9805 4261 1371 7102 674 8310 443 6963 2225 4707 4368 9569 8324 717 2302 8017 3843 8165 7941 5943 9861 9365 4956 6616 857 2363 6508 3133 8888 1329 1360 2590 8112 1002 7732 5782 380 2758 3869 1732 5999 8936 4593 6757 2242 7362 3177 9931 9258 3414 4314 746 2059 4701 8018 8985 5505 7199 8899 5658 113 6483 8266 5498 6089 4173 4020 7741 4359 2217 1775 2436 4940 6200 23 4309 527 612 4881 3683 352 3867 4340 8538 1234 6546 2332 2344 6397 4470 8789 9183 7457 3008 3505 2716 2256 9462 3270 2259 2932 2223 3210 7457 9606 3402 3137 8543 3031 7375 3046 2985 3675 6956 8770 5379 1434 454 372 1979 8793 1497 4533 4937 4933 3961 8460 4260 3876 2779 7155 9765 691 6459 5212 4368 7673 9218 6438 5864 2731 6316 9135 7404 8243 4488 5833 2954 9384 9495 3796 1952 8833 2866 6669 4116 897 5019 3022 9038 809 6941 STOP
8691 225 6647 4948 1544 1493 4132 7958 5466 4732 2022 2990 1585 74 849 8241 6774 5856 6918 4828 7458 3173 9194 9521 1519 8086 5276 1684 9175 6756 235 8303 STOP
3060 8066 7247 8092 564 644 1642 3849 1593 8115 4168 133 440 5825 6326 221 561 8290 5306 2818 5965 1578 9135 4899 3476 3482 4973 9598 7791 2553 5544 3667 4187 9588 430 1881 9068 3656 9246 9369 2912 989 7152 8434 1688 8954 922 8420 4829 9514 324 5314 3544 7477 4885 5592 4415 4778 3439 1080 5732 3219 4997 8558 172 9923 3384 4242 964 9950 5305 2368 5873 780 4516 9397 749 856 4360 5894 1333 746 9419 3418 8964 6964 2189 3843 6292 355 4036 70 6881 1374 4860 2190 8530 2678 9086 2110 8148 6781 675 6742 9262 8594 9759 9783 2404 4714 9905 9612 7926 1804 2561 6774 1917 6224 2506 2356 9859 5850 4119 8649 1225 5577 9913 STOP
1642 8881 6132 7857 4575 5367 9521 8203 8897 7727 5060 5543 379 5546 7678 3517 6724 85 7693 7870 7983 3930 9104 3334 3287 9930 3433 8014 9707 5291 766 4788 141 422 5856 1265 2817 4441 5066 7857 5303 5429 1208 7291 9338 8950 4408 3842 6664 5405 5819 2707 7809 7756 9179 9497 1735 6496 4781 6108 7377 6396 3671 7691 4866 5136 7502 2235 1547 STOP
2806 4037 5174 6257 1209 7695 6813 3829 4109 3725 5297 5552 7015 2776 9217 9568 6017 7993 660 2643 2201 6674 3177 9043 3827 6069 5906 5212 7221 1422 4059 9273 7 3412 394 3378 7743 1519 5192 6059 7430 617 7382 626 9968 9466 8774 4585 9250 6563 4454 8742 6517 1792 510 5701 6945 STOP
3096 6927 7213 5332 2239 7785 3363 9226 3990 80 515 4847 1377 511 309 1346 7275 6239 6541 8947 3128 1821 544 4693 1831 8499 8593 9647 825 8292 5947 2114 1829 2648 8830 2004 688 3221 4060 9386 5846 STOP
9578 1839 7566 2615 3776 1360 1652 746 5182 7505 9984 2477 2075 3237 1529 7458 7541 4689 9495 8307 9625 2384 8663 1394 3273 3142 2806 8802 4644 7180 752 7222 2097 6575 1121 6140 7577 4928 1390 3300 1663 5890 9486 8263 5973 8215 841 2381 9435 8888 8811 4626 4507 5148 9095 9282 2037 9512 7804 6090 4399 9282 6910 5745 7092 9995 3957 2221 47 6270 6384 329 8107 4443 3509 2856 8433 5108 2948 3856 7220 9323 7530 5504 1834 4839 2301 1492 1916 547 7660 4809 7087 5497 5257 7316 6889 5539 2963 4436 4305 3013 2641 2232 404 694 9180 7293 9754 7231 2031 1737 8945 8122 6865 797 6250 5954 7109 4428 5632 3061 1271 8708 8347 3639 864 5122 9761 5441 3258 8959 770 2445 6704 8637 6578 1638 9640 7001 7828 1627 5490 7742 2793 9446 357 9466 9909 6366 7890 4851 3417 2032 8175 953 7593 2953 9949 1330 4938 8421 5644 1718 1402 7432 4211 4418 9418 6584 3833 9833 247 2321 5537 2778 1452 5085 1223 6201 504 5778 9788 4584 8842 7358 8469 5384 9311 6256 6395 3404 678 8383 8003 2371 2696 405 3196 9703 9872 4762 8301 6543 163 1178 2972 1879 3730 8465 8685 7073 2657 6458 2518 9983 8253 344 1179 3814 1494 2508 5102 694 5288 2086 8353 4638 8457 STOP
7538 9822 9597 4022 5857 482 2177 3271 178 3680 9911 3414 1327 1225 714 519 4546 305 5414 8457 9273 9544 6267 2246 7522 4373 9232 3898 6069 2092 4047 5339 STOP
4961 4995 1173 9497 2655 7566 7464 2198 5691 571 1922 585 4556 9293 8561 5547 5139 9029 242 7298 3551 1556 6333 2880 6690 6733 1180 7489 2528 715 6570 9270 7451 6720 3953 4094 7776 1694 4109 6538 4796 1705 2026 5854 2958 2662 7539 7309 2872 232 3844 8266 6807 7744 8513 7321 782 1649 9670 7529 404 8696 9298 6604 304 1516 41 6900 4038 5035 5394 5368 4231 1622 8348 330 9675 6571 211 2566 3455 412 5960 1514 1495 3019 7568 8538 166 5288 6378 8216 8397 8731 7387 5720 8662 152 9169 9968 4378 8513 4664 1165 202 569 5917 7211 7249 9332 8001 3876 4898 6133 9685 311 9304 4848 8851 6014 6357 5734 1645 7082 3768 5183 6029 4697 8479 40 8127 9308 970 1416 4724 9304 8829 8638 787 5298 1188 6063 9233 5542 7197 7782 4997 7610 528 3044 9588 4187 409 8706 6607 5336 5760 7898 3601 8791 5416 2394 8343 2673 4902 4548 5297 1556 1742 3650 2550 5907 6985 5692 5323 7601 1899 132 6045 9234 7083 304 3320 2610 8858 698 2980 1024 1265 3668 2104 1264 1100 1510 1865 1780 6274 172 9211 8327 3600 1862 7175 945 831 840 729 1270 3906 5023 5447 6463 1986 1824 1267 226 6608 9984 STOP
7220 4671 5926 4318 749 9297 1559 9688 9475 60 2519 7196 5059 1787 5136 6986 430 3582 3745 6484 4054 2601 4751 4984 7208 1746 62 4099 6248 1157 9809 7453 936 9478 2584 752 5147 6793 225 7329 7798 268 6458 4055 6239 5364 9560 5886 8568 2031 4725 5563 1011 861 4900 5047 9344 2050 2559 675 1872 9382 5825 3381 5653 2628 5095 2604 2671 5536 3501 3081 9603 6295 4522 9863 6479 7971 771 5967 3646 3872 6835 4184 621 1783 7159 3131 6597 4981 5650 5990 1025 142 1779 9151 2608 8144 6100 9097 5338 4775 7934 3400 1232 9742 7716 104 5218 5234 5916 6182 9711 6884 3462 8102 6229 4996 3950 3700 1050 9933 2526 816 6114 5796 2908 6576 1209 9629 8715 7342 2092 6381 STOP
7532 8357 2369 1085 8165 8163 5511 9128 6857 5681 5647 1399 7163 6100 8746 498 6526 4562 4749 3843 2652 3974 2352 6812 4531 6641 6611 569 5865 4046 8671 4502 9095 4033 3120 3398 9066 1529 7507 8948 3792 8709 3037 5153 4909 5875 2095 3342 6792 1216 8541 5941 1075 959 6792 6853 3694 2981 6618 3492 264 6894 6718 7016 4801 6495 8363 3515 5484 3014 1897 1965 6953 5325 3007 1856 1784 8157 8414 1990 7291 6688 6119 7042 617 2699 6050 4725 6714 3549 6115 5941 5319 4572 557 5778 5140 7276 3743 5478 3890 8838 9115 7655 6615 1061 4311 581 1890 2715 1379 1718 4807 1269 4165 7735 64 141 3872 4280 67 7297 31 3538 4977 6334 1607 8308 2774 1404 1303 5793 7465 5037 8525 8610 9538 STOP
5968 2072 8261 8812 9218 954 8632 848 5844 2868 5050 4218 8239 8820 7836 3857 8491 3443 4976 2805 9436 4940 8197 8776 4842 7433 4436 8056 9032 2943 5606 729 5069 5460 1383 9422 2059 3287 2968 9219 7389 7088 2129 2541 5335 3345 8540 8263 4187 53 8623 4300 4075 8138 1081 8873 2105 1032 961 6081 2148 8572 6221 5592 6426 9246 3702 6910 4858 1214 5682 1158 1007 6455 9261 5654 3468 1775 5839 4230 1375 1994 3806 1828 9996 7105 1870 5487 2567 3786 4561 3720 7881 975 17 4149 5712 2965 6346 8497 1878 4665 5347 8522 3646 6231 2409 8674 219 5345 8528 80 8439 2296 8219 410 5179 660 4180 2138 125 9389 4964 7578 8862 8002 8965 4993 2123 4283 411 9050 4927 6594 395 5108 6269 9680 4347 7280 3980 2974 3797 3402 7027 8344 9531 1125 9200 4874 3853 3252 1214 9045 888 2867 4296 4041 1594 4989 7268 5585 7960 3285 7793 6630 3369 6852 1219 4701 5197 8074 4026 263 2440 8877 2151 2886 7756 453 4032 9070 5789 7139 2413 5625 2840 962 9356 9755 8932 8618 5889 320 3211 5449 399 1998 4026 423 9419 7999 5402 6764 1584 6211 1364 639 8446 5275 411 6313 7616 6730 7121 9123 6663 1693 2145 2148 9975 5975 7099 2871 8310 STOP
3838 3006 7248 6321 1964 5308 2702 2431 7364 2721 519 9877 678 2336 9284 5628 4276 6546 6522 3373 1953 6018 9008 6217 5570 3540 5933 1525 2152 8123 6152 2089 7094 3798 6925 7169 6611 5397 7991 5074 5926 2766 4901 1487 7820 6618 210 895 8379 1771 9706 6883 4981 5238 881 4946 9278 1777 1539 7251 2220 33 6227 9841 STOP
6708 365 9985 2621 8100 319 755 5637 1291 6955 3511 4267 6535 2257 7195 2280 2889 2470 9115 4256 8122 1465 5703 8363 5724 2494 3622 7310 3515 919 1363 8845 2069 960 4921 8343 4034 9026 8353 4412 8403 1219 6710 3542 2787 4281 7022 610 5689 7088 3591 4884 468 6504 5376 6758 1550 4639 470 447 8146 441 7614 5370 2779 7012 8501 7818 6012 2064 4876 4416 1472 6316 7647 9788 8246 6052 8327 7288 7478 6080 3532 2378 707 8894 1797 3342 6277 1583 9752 1598 3893 7274 7095 2813 9813 7003 3933 9087 5566 2197 2625 7121 3826 6093 6516 9041 4713 1595 8346 5669 333 7720 4196 4515 6625 8656 7094 7744 1020 2569 1615 1423 1701 36 497 6822 3081 7483 3021 5034 8565 8099 7302 8198 3363 8151 6075 8361 5643 5510 3528 9868 1041 4355 3868 9570 7510 7822 4077 8194 1283 586 7159 7155 8104 9386 7374 8999 9571 1535 225 4747 5504 8032 4842 5370 1546 2104 1735 6126 3908 2792 768 2217 5404 5611 9711 6231 3761 6722 4981 7522 8070 29 8671 2411 7265 6449 7119 3586 1501 4500 97 5151 8866 5199 5432 7986 2591 1814 5766 3652 2067 9084 3551 1143 8356 4865 4219 2451 5518 3352 4448 5364 3717 1338 3495 1205 2937 6963 5340 6759 8009 3525 9205 6406 208 8126 714 1687 2433 8019 1908 8205 9350 4453 1767 4946 728 8757 8453 5268 6119 2894 6646 2477 1903 5272 9641 7783 7040 1880 8867 6401 3310 7925 1913 7352 2753 4404 3625 STOP
3836 8203 591 7905 8855 8396 3490 8558 169 3604 9558 64 6750 9431 396 9023 3167 3938 1091 418 5255 4229 5582 2963 9990 9126 7797 6829 7392 3235 1542 6502 1738 973 7909 2124 6698 431 808 7904 9490 9178 6713 6132 2153 9248 2141 3215 8559 1607 3945 8989 8640 9566 1974 1727 4642 6351 4858 9601 3098 8719 9908 3285 7831 6570 3692 1902 9726 3497 3219 7709 6834 2947 3884 6706 4766 8168 331 2085 7648 6748 8926 3454 7912 1228 9742 8060 4276 6038 142 1817 648 5232 4750 2172 6251 3782 4685 9608 6132 7628 2579 6296 9492 9786 7117 6110 4851 6976 6808 7780 1090 4942 8938 9757 8922 5561 7128 565 8971 5308 7098 9870 7373 1572 232 698 8336 5211 3924 9210 9745 6183 9 2107 2643 9101 6175 3265 5628 140 4805 5094 8583 6654 5005 193 9730 7538 2917 990 7704 527 6454 7786 8025 772 8900 3699 4714 2382 5805 4736 8605 4176 8340 9513 8672 7096 7399 4961 4486 9340 6201 8816 2501 2299 1643 5371 95 6218 8615 7108 6362 9140 4809 1571 650 7136 1527 4156 4148 6040 6628 2313 5580 2182 7378 8855 2474 638 7091 8651 7886 1419 755 5594 9423 1478 217 396 1468 5460 7190 9273 7995 9425 9792 2582 5511 1275 6846 109 9742 6021 5097 104 1109 9694 2500 9974 9437 6357 6071 3442 5614 4867 7318 5954 548 5980 9051 8935 8243 9296 8876 4794 7935 4068 3444 2178 3105 2932 7642 4005 5668 5424 3505 7978 1659 6564 5313 190 8196 8645 1793 2814 4012 7209 7427 8345 3964 4375 6202 7192 855 862 5430 1752 3540 9096 2427 7108 8678 4970 4214 6021 343 7724 3513 5597 6529 1122 5473 5899 6550 5850 6104 116 155 8434 8334 8120 1257 4679 8809 1397 6930 1446 5059 1300 7047 4456 7450 5753 1642 2758 7133 6692 5355 5673 3124 3827 8171 3216 2659 4737 2358 1490 3257 8652 1961 9343 7911 6289 8907 8712 5585 3050 5455 5173 53 3307 1928 2858 5988 4310 7650 7776 2172 1563 2387 8260 8385 4365 2161 8414 3021 4481 9011 7457 3288 9809 93 3228 1212 4950 2849 144 3912 5286 2696 2768 9203 1755 4172 543 3992 6680 2754 485 6031 185 4872 5450 STOP
2382 5750 8533 8765 5111 319 9664 2239 3711 7215 2699 447 454 2551 2403 6258 8071 723 203 3487 8631 8768 8845 5255 3619 8663 1411 4245 2855 3188 1964 2840 1508 9304 6811 3555 4258 9732 3238 7000 8384 8463 2949 1610 7155 2993 1286 7774 7616 7975 6349 8735 9803 6739 9119 79 4487 9206 3585 9083 7579 8552 3436 8111 183 4399 4382 1838 4772 4950 4193 3114 2172 159 8851 466 1771 983 5099 7881 5407 9881 3411 6947 1324 826 4315 8084 3981 8078 8796 7784 1144 3006 4530 482 6463 3062 8560 1146 6005 7757 3752 3078 9564 7793 5812 4632 2880 6991 8028 3843 8758 2130 4826 4429 7373 217 1418 4558 6934 2872 5547 7359 5564 5070 8942 2499 5198 7557 3550 3087 7093 1265 9072 9903 2950 8336 4662 2218 2679 6800 6367 1851 6289 6978 6248 9398 4167 6907 8088 5223 6029 5837 4989 2163 2795 6025 3262 7058 2544 9441 8719 1868 2017 8509 1386 8230 661 9422 6987 5507 3571 4980 6224 2 3279 3360 6096 6339 5722 2133 3816 9411 636 2977 73 9974 3948 201 3790 5379 2809 441 3399 6882 7258 6733 6837 9271 6687 8798 2593 6445 5520 376 8221 9143 3450 3952 8447 9880 8954 7896 6605 1800 184 2576 7508 305 7582 2157 STOP
2918 153 7647 560 9676 8732 3943 4700 6806 3443 21 5245 4009 431 3155 3372 9225 3918 6123 8433 3985 4459 4206 4656 868 1090 361 3710 9645 2758 3157 6491 3753 6343 1741 6493 7123 1883 8984 4900 829 7156 8847 6025 2363 1954 1487 4291 9471 2768 9644 6385 2418 4150 96 9551 7134 7670 8071 2887 8858 5051 3808 9020 7106 1942 8071 3952 2936 7638 7571 341 1624 5125 5411 3823 7791 4456 9879 9726 1298 4956 7084 4489 6950 6833 3005 1329 9636 5955 2196 8089 5571 3092 5164 9671 7277 5045 2604 1733 4802 7614 8128 6272 7027 6277 7966 567 7996 939 2632 1509 4816 5024 2482 7470 3355 5900 607 5189 5656 416 4788 4608 8650 1798 9441 3037 6985 2170 8681 226 4278 3364 1596 1879 8125 1771 6488 2727 8006 618 9101 2995 329 763 130 2824 1277 9411 6755 6051 6864 679 241 6625 5582 4487 5193 3511 765 3023 7846 8978 5318 3082 7051 7769 1734 5554 1357 8722 1889 7741 9413 3701 8035 2538 4974 9558 6441 9399 9253 9587 7363 9574 700 5277 5633 1880 2612 1305 2862 4797 3808 50 3734 2200 3455 7097 1947 7897 1762 7393 5784 1692 5394 5754 3153 5780 1726 9624 7559 5376 5837 7428 8416 2929 4129 17 3475 8471 2254 501 4227 2028 9316 345 500 5677 8361 5757 3754 3726 8083 8050 3174 5657 3035 1084 7252 1988 408 7726 7986 7810 1291 5598 6687 4952 9984 2493 6113 2415 6931 3866 6345 5439 9895 2477 7492 8571 610 6074 9163 1070 6300 5442 9495 7911 2802 9914 434 7804 9390 5850 6490 5757 1749 9163 8882 9138 6161 7610 530 2996 970 7269 306 5761 6644 9858 4960 2155 1695 4853 8300 2554 2823 728 7701 4995 1492 3902 7867 8459 900 8608 937 5653 2209 380 5645 2416 9138 6462 5719 2605 9752 569 9951 6767 9458 6418 1622 9360 8686 8602 6536 2186 8149 3356 STOP
9576 9832 7475 7609 5631 8239 5365 7173 9400 6775 1355 1275 9634 3008 9699 6151 9354 8007 6177 4026 401 7251 4357 5125 746 6091 6247 7052 922 8054 6331 1967 9997 5826 302 4255 3224 6741 3718 8389 9141 2536 9648 2715 7679 3872 755 5678 8464 8161 1301 7026 8407 844 7997 6935 4191 9911 7412 6186 4297 3112 2823 1146 6544 7968 9487 3547 6304 1807 8195 1945 473 9157 6458 8891 2051 1021 675 7337 1313 7513 5318 8900 3078 6328 8403 2249 8595 3617 2102 6211 6246 9049 5199 2282 1122 3941 9134 7928 815 6725 9715 8218 8369 6063 2938 5830 6978 3126 926 7528 8073 814 5183 3869 5413 4281 492 3740 1873 1554 6558 5567 2742 587 6062 4038 6876 1849 5125 9821 3791 6942 4071 8538 3938 2894 3434 534 5280 9207 3700 5970 5334 1781 4226 6626 8550 6037 5787 1784 9383 4776 5947 6328 6203 786 1291 9310 1785 4267 6275 2383 169 2387 6050 5156 805 6163 8863 6530 7479 4977 6810 8925 7524 3312 4463 4330 8481 7953 8407 3072 9280 3882 8768 2047 8783 1355 2015 1839 5986 6067 8312 5785 645 2141 7419 4370 1366 6829 819 2373 4563 5881 832 5950 7905 6598 3598 1763 5619 683 345 8416 2592 4822 9313 7873 7592 6102 2583 9988 655 6200 4050 4936 3440 8297 7200 8185 5510 3947 2791 8704 6819 3951 9166 6881 6289 3408 3923 120 5434 5846 5774 5449 6229 384 8754 1581 6578 6672 8360 4086 5877 6756 3693 8323 3929 5373 8059 7343 5936 9852 5885 1694 6460 2621 4278 2301 4832 9707 4142 2775 4313 4093 4946 2884 3413 1821 5256 9503 9290 611 2422 3139 6206 6595 5889 3892 5340 6617 8056 6640 8809 6326 6761 6874 8496 5630 4151 2559 5106 1303 1248 6238 4949 5327 2423 3776 5926 2856 477 7040 1465 1634 3411 3126 2493 6852 2996 4001 1560 5404 8193 5834 4299 2884 2937 6904 6946 6401 2506 4537 235 1050 128 8383 3546 7815 9105 8873 921 3797 9442 4232 5987 3976 7330 5682 2138 538 9456 678 8493 1932 1659 2680 6445 2255 7088 7038 4351 1771 7151 5533 3646 4626 8436 3232 9262 460 1054 9714 2449 7115 864 1873 4446 1594 6125 11 66 2902 7817 3395 3778 5407 6227 3934 4383 3418 740 263 7191 1075 7396 1949 769 2559 4667 9445 3889 5581 1138 4159 9732 8214 2866 4354 9267 2156 2602 2551 STOP
9351 9818 536 8499 2069 3325 9668 9023 2201 2193 696 7343 147 3016 7816 7044 8374 2473 8334 3157 3840 6808 5241 698 4523 3965 2510 1940 5001 5540 3457 3954 7889 9874 2642 2361 8081 3105 4110 8287 9719 6597 5785 7663 7552 9631 9085 3025 8619 4737 1548 9058 58 8913 9688 7723 2962 9010 1019 3552 3869 6309 394 7710 5355 4474 2779 2631 7872 8649 5280 8330 8693 5679 7396 6122 8188 7435 9825 5283 1662 3878 2876 6288 5640 7977 4089 1732 1995 9647 5514 1859 1548 9575 9129 8509 1957 3585 9629 5090 5296 3996 68 5755 789 6306 6411 5761 8093 9043 1798 2652 22 7620 1831 7907 2347 3979 7935 5819 5366 1755 6038 80 967 2283 54 292 2557 4406 3448 951 1553 6195 8912 9069 8676 2585 7277 1669 1455 9711 9715 9420 8401 3858 9435 5791 6241 8357 5554 1754 8563 5206 7719 9793 5247 1786 8871 5447 6766 7409 667 1450 2150 5280 7347 9987 3588 8953 6559 9592 1316 5425 5865 3257 7549 3896 2657 4751 1287 3462 9152 5073 3867 176 2966 2146 119 6507 4738 6409 3213 8920 1939 8201 2901 9020 6693 7828 8581 2337 7398 8203 1854 1705 8635 4580 8486 7105 3406 3434 9027 1267 6126 7954 7876 1624 8910 5680 3422 3935 8637 4868 2660 5308 7298 7088 813 1280 3762 653 9103 5193 4729 9578 179 5814 209 3172 883 6760 8023 6720 3643 804 9833 1183 8178 1321 8367 6141 7575 5094 5683 STOP
4779 543 2761 643 8704 129 7464 5261 8441 4159 5551 1304 6629 3841 9026 514 2187 5437 3656 5416 8727 2556 7566 6817 7164 6732 7689 1429 7298 7328 1272 4375 4596 6467 7063 2432 4968 2116 9407 1813 7250 7368 7230 1048 9416 3737 1045 1564 2512 194 2254 8287 7284 8342 2320 3476 9174 1586 3589 9977 5539 9078 1968 5915 5596 4246 1413 1089 7067 4502 253 4201 1060 2548 8401 2837 93 4264 7379 5187 4153 4148 7031 7626 7741 4808 4891 2574 9595 539 746 1709 5951 8052 1066 4898 6960 1661 5591 3001 5381 5684 5981 3728 4139 6098 6223 3912 8182 8495 2565 9192 7299 9856 7582 5099 9096 9424 2819 9055 315 8020 8237 1075 1206 1071 1625 509 7628 STOP
3740 7083 9916 5474 8220 8122 294 2540 9490 2393 8527 4605 613 660 8095 974 67 8805 3781 4902 3470 6119 6114 7384 1348 1601 3222 7667 1789 1371 1708 2832 6295 9506 5681 3222 9617 4378 6693 9762 1822 3854 97 780 4894 8314 2971 1017 1681 5836 719 4005 3809 4911 4155 3559 757 6823 6273 6647 4522 1634 2741 200 2692 5591 9695 7558 615 6701 6862 178 3732 3076 1992 2510 3778 557 5944 7281 4571 4196 3901 1526 8250 9925 5566 4456 1109 439 1924 7910 1329 7528 1630 5291 7146 6246 1617 9288 3313 8317 6068 5234 625 9016 9751 6540 1824 8731 6519 7451 6540 3878 4701 4823 5577 8283 7453 6084 3770 6207 6718 4852 6459 4851 1809 6944 4855 1021 6059 612 5096 2270 2270 4272 4987 7014 9160 9562 1652 8032 4519 2455 2156 1769 4899 9592 1995 894 4214 8618 3257 8162 1729 5079 232 6671 3791 9544 671 733 4840 135 4560 6946 6267 618 4447 4754 6665 6241 1004 8184 1946 5022 6207 1117 4762 5992 1347 1847 1843 8462 5217 1057 6668 2995 1146 8187 5048 4664 8688 2399 6648 5185 3164 5470 9909 234 1144 9190 2188 6013 5597 1675 8614 5609 9947 5147 3599 9835 954 9801 4243 2233 255 2844 5731 1187 7599 1955 5421 8466 1177 5682 5841 9264 8038 9009 2093 4582 7340 609 7404 662 1508 7868 5859 6291 141 4816 6476 2964 4371 3040 8406 5471 3018 938 6497 9686 9194 6920 9181 2766 2703 2411 2791 2531 7279 5603 4849 4258 813 5035 5105 4545 7406 8915 4152 4774 6679 5110 5907 9281 6484 9897 8063 528 8019 9034 197 7742 6023 5927 808 5226 4586 7108 2646 389 1004 9069 7324 4685 8360 3 8229 701 3391 6285 2427 5217 952 2577 4809 962 2370 7912 9182 8520 8228 5436 3836 4296 4379 2396 6932 2765 9609 6061 3143 4359 6210 8205 7215 4936 9530 9413 1512 5731 5665 3194 5385 8333 4868 114 3882 2014 6300 5915 1888 5534 5884 8800 3281 2637 5114 2294 5258 4485 4912 5793 1319 636 7993 155 1939 5580 6553 9078 5856 6278 7642 2776 5240 6349 7215 561 2487 3999 1047 8971 2074 8540 5700 5984 4677 2311 8671 3204 7845 8277 4910 226 5012 5368 4528 307 1894 2729 5836 219 4349 1625 4174 6596 6730 2230 823 199 1858 5101 4842 8925 8108 2868 7099 6354 5294 3749 5504 5423 1456 STOP
7796 4218 1101 2527 1421 9865 1395 5443 3098 9828 9602 7649 1708 4866 1240 415 7170 8802 7272 2863 5173 1882 3885 2891 5444 4003 3197 4440 4051 9863 2064 3674 8266 7025 9701 2789 9610 584 3327 6094 8621 6503 7047 8763 1466 4562 1354 2982 2289 1932 3610 5884 4995 1344 399 9339 776 4901 3887 1629 2510 3024 7217 8763 3224 7152 4713 732 2187 8180 9810 9793 2552 653 9977 714 9076 7851 7980 2762 2242 2958 5570 624 5062 557 1179 301 5123 3797 5630 15 3437 6175 789 3515 4373 8826 270 1823 STOP
3753 6545 9093 9853 3773 6487 9577 5515 2192 3525 8325 6785 1531 1724 8369 1721 2663 9557 6739 1037 9134 40 5992 9791 8733 5883 5508 6278 6041 2917 53 737 5763 53 7565 2284 3856 9561 9845 1264 3898 5443 3206 8899 3610 3648 9112 9064 3400 331 6262 6048 2454 3644 295 6724 4976 6393 8110 2165 3442 8541 9092 4691 665 3298 268 8693 2090 927 8821 1776 2098 1834 7490 4503 9705 6890 4949 1031 6009 5803 3538 7564 3505 465 6815 5529 6038 6102 2904 6998 6086 7800 9810 6546 7318 9210 7411 5267 3508 3104 5430 6514 5229 5868 8019 9952 7816 8535 9542 660 2514 7348 9938 3376 9944 3164 7966 5666 9540 8036 5037 4016 6823 5123 8919 5764 133 9221 78 8635 920 6223 4691 3927 8604 6645 3001 9550 8788 3594 4302 2655 464 116 9351 9973 8443 1378 3571 4349 485 979 9730 1707 5473 1688 3420 6612 7750 5769 9300 6634 7357 8757 1611 2355 4649 5631 1395 1804 5208 980 2880 9618 4725 3323 8046 2035 2177 7541 1336 8546 2770 1848 4371 2282 4466 6413 4722 1331 2542 6625 3314 5802 5310 3593 1481 3221 2551 365 8574 3376 1585 8519 7288 5313 9429 1237 6795 7347 7745 9262 5936 9709 940 2481 2664 1906 2142 6788 7207 9940 8470 1057 2480 213 7885 4007 845 8094 9929 9134 8776 6834 247 8151 5351 8785 2681 3499 6526 8469 9933 5496 8851 818 8087 2001 6634 3318 5534 2468 7962 3275 1935 9540 5478 3869 1994 6191 4780 4919 4747 2451 5455 3097 8896 5088 1255 1416 9288 4622 5777 7140 3677 4882 9589 4941 1777 3863 996 5862 6550 5458 6729 1628 5001 4596 3785 STOP
783 1100 5755 2560 5572 7043 4688 190 9291 718 3979 6461 1942 4199 961 148 9534 6471 2606 7532 7205 9764 2224 3653 6001 4964 697 9771 8434 688 522 4565 5806 5829 5769 3023 1257 892 4926 2546 9734 2513 9582 8869 7448 9253 1602 8617 3752 1232 6622 7950 9400 9608 4132 9884 8207 2208 9021 2383 1821 6406 51 1200 5627 4691 5203 5562 8367 9141 3055 3063 663 9718 800 4563 3329 9353 6465 3335 9624 9672 4153 9358 2755 9222 7092 8969 9886 9917 4805 5346 5981 5092 7916 162 4540 1292 6899 1770 4641 1195 1769 7920 7869 2759 8049 4166 9940 9541 2368 2469 4243 2533 1117 4464 6178 3998 6904 144 2352 5238 9682 4601 1729 7831 3325 9872 5813 15 416 3980 7271 7145 8263 748 6743 2248 7631 2002 6398 4817 5419 7467 1317 1331 949 3272 9555 3918 2147 5613 9886 853 5257 8174 7128 1033 5607 8298 8076 2215 4013 1466 2374 7873 41 3753 2118 95 9196 1709 7138 4225 8908 7907 8548 2277 5730 7686 3454 9515 7339 5148 8026 4405 8099 49 3010 7763 1929 3888 1835 3762 1218 339 1361 6889 3337 6439 5425 3496 330 8015 4305 7230 4100 1761 5094 STOP
605 5416 1610 3107 7722 9347 5411 8693 7671 7225 6257 3856 4721 928 4385 1430 2987 5136 2485 4853 1611 4010 4839 3966 1106 8171 3316 4674 4630 3787 8333 3183 1451 4779 3890 3162 9874 216 4855 4449 1949 8336 8301 6941 9409 8035 4401 6616 9230 931 7620 972 7986 9152 6947 3443 5427 8782 8986 512 1061 4852 5102 9637 5958 7971 3876 152 1668 9973 4634 6518 5943 1081 5492 2527 4364 766 2560 8858 3475 1279 5482 5093 5625 3701 9130 2140 508 9440 3121 1827 356 3293 1279 3493 6874 5473 9491 9704 4413 4045 4568 4505 7235 2496 1858 7076 8260 6404 5603 677 6210 3137 1626 2410 4435 9215 3547 5804 9532 9867 6932 5348 6827 1592 7814 8545 657 1214 4336 9116 3023 7360 5680 4461 616 5968 1561 3309 8369 457 5995 7841 5301 5408 6184 8023 359 1038 1194 4072 8003 299 2006 6088 7868 1694 138 518 7056 7544 9613 805 3631 9471 4636 8619 4167 9594 3777 2885 2460 1592 2809 7440 3291 4602 245 434 8175 8206 8734 4777 5471 1049 9333 1947 6399 8403 5816 1286 7459 659 6745 8531 1404 9080 2243 9698 7493 6616 440 3587 3495 4962 4780 1858 7936 9162 7557 1021 744 4478 1654 6084 9859 1138 4418 5162 6180 4217 5695 4609 2115 9452 4029 9009 2830 3967 647 2288 9035 5635 1682 3507 7121 9667 7374 STOP
5218 6833 1960 1462 5032 9695 688 4567 331 6978 3148 475 5026 4074 5619 1528 4788 8295 2919 8956 2644 7755 9489 5950 214 880 7563 2536 6444 4788 1009 2391 5494 2620 8505 7794 5272 6778 5437 7480 8825 1681 5712 927 1848 8037 3606 9337 6930 249 8713 5262 6883 2254 9257 1385 6036 2651 9622 6201 5414 7837 2016 9368 8902 STOP
8917 5207 208 1717 816 3063 5276 4467 5951 4644 910 1118 9465 6801 5162 8053 7589 9511 4163 5809 4400 7079 8347 1103 6791 4882 5319 6055 3148 9661 2527 4396 4882 8290 4686 6257 4902 5935 3632 29 3414 7519 2055 7593 2004 5129 519 7898 4007 496 9925 498 2548 4923 2340 2940 2589 3658 1274 1595 4293 6583 1968 3892 1204 1413 1879 5341 7234 1217 7881 7186 4606 6792 2146 2917 9892 2811 8670 8118 5679 9577 8421 6772 5998 8378 9096 6774 7003 8109 1816 1588 7541 3896 6478 2520 1418 2061 3234 351 624 9624 2703 3464 1506 6899 5900 340 86 497 6203 1514 1814 409 6360 4705 9716 333 7709 2033 2975 7092 39 2706 7070 2299 5675 5341 2005 1220 3593 8671 9859 4392 2025 5827 2924 3589 3483 1608 1443 6680 5098 4011 4687 3112 6382 7532 9613 STOP
4242 7336 1403 4845 8017 7710 9890 1995 4176 9483 2194 1482 1784 2014 3186 1129 9878 3266 8150 9346 2796 8106 876 1546 8657 9317 7583 8630 1382 1536 5312 9104 8203 9785 3835 342 294 1007 8829 7979 6161 2159 4957 2635 7304 3204 477 4630 9660 5454 3963 3765 7026 1703 6571 7839 153 4330 4803 2675 8126 2105 2065 8285 1971 428 5892 2404 2834 1338 4003 7401 2889 4777 2402 5113 2119 2398 4821 9516 9187 3614 4798 2083 2438 6030 5221 8865 7538 762 5887 7368 6148 7390 2636 330 4056 515 8284 2943 3502 9752 7207 8164 4475 3295 3526 362 2282 7456 859 1307 2969 6540 1838 1260 5661 1862 1839 916 8639 426 1681 5492 4241 6961 3248 1478 1820 40 75 8264 2217 3039 2603 7164 7127 9336 9967 8636 9265 STOP
5501 4447 6150 6629 8911 4567 775 6717 5532 5029 9027 9382 5083 276 7896 1267 1785 3917 9378 7349 4828 5624 3341 6156 1326 3120 2605 8520 2394 3065 9875 2925 97 8485 9642 9336 7120 5454 5553 3018 9327 2985 6971 2317 1176 1246 319 5859 2242 261 9742 7459 8472 1755 8426 9404 7232 9184 9716 8987 3048 7905 5957 2298 3345 3515 9833 589 9179 5942 7906 5028 7208 2195 9787 3430 4760 1697 685 2728 7309 1076 5212 8687 2675 7146 8927 2711 6868 2779 1964 2361 5563 619 458 8909 7816 6719 3002 2356 1450 3960 339 3818 845 3645 1035 4719 8739 7785 4627 7322 3338 1589 1046 4427 9057 8251 4487 1050 5697 8952 5327 7402 7537 9199 1126 8763 6120 7694 1046 437 8946 3651 5022 5581 473 305 9821 8702 6066 922 5771 3256 620 4775 3197 2026 3336 5729 2474 5739 4191 3207 9276 7503 6659 4507 7841 4342 9040 3414 9779 5296 9891 914 2478 4936 5783 8075 9556 4292 3916 1713 9608 7847 2397 4237 5099 7987 3098 4875 3551 9552 5484 7286 7602 5257 8452 4908 1954 7215 1406 9331 8431 8810 5733 2358 5276 2349 9477 4996 1530 3846 7066 5123 2553 8411 8570 1701 9138 6190 1178 6473 86 9540 1012 1331 559 9121 3783 7394 1846 1765 8315 1106 7269 6418 8383 4531 2955 3600 1883 338 1176 357 1322 4399 4521 9153 4171 8164 7626 8686 771 8911 1847 3008 8934 2569 7304 7340 6413 9326 9308 3184 8046 8490 7677 5664 8685 184 1456 9385 4610 9896 7678 9763 6144 8913 4583 4785 7888 4829 3968 8527 2386 1196 4324 7628 8857 1721 1094 1709 8066 4839 4115 1727 8838 2176 1151 1000 6608 74 1929 9990 9742 3925 330 4686 6519 8443 3376 3305 5546 9424 378 4428 8989 3400 5350 1140 8584 6410 4212 6741 3944 1394 726 5383 1418 267 6643 6968 6261 3509 1580 9533 8826 2522 7879 2242 2937 5722 5650 5181 6388 666 3207 2450 7435 83 6104 140 4928 8648 9318 6462 8303 3275 2599 1038 962 7299 3184 3325 9379 5067 8657 7348 7717 2213 805 5840 9796 4148 30 5677 3070 5972 1297 9106 1585 3178 772 3035 8193 9334 7216 4316 8725 2795 7544 3370 6877 8134 6627 684 3881 STOP
7200 555 1123 9585 6482 881 8290 2446 125 311 4078 6129 3450 4955 2136 6220 3026 1109 3726 8093 2784 5721 1374 7334 4865 3490 7084 5230 5888 9691 7820 9061 9018 9564 4288 8200 2410 7708 913 4719 7852 5607 1477 3251 3344 9852 5442 2388 8766 8889 7068 1799 5038 2131 675 2349 7133 9731 4741 5503 6814 7453 617 2035 2629 5857 4377 9893 7489 4821 3944 4937 2621 688 7009 9952 6404 799 191 2324 4728 9274 1370 9231 8943 6252 6375 999 7192 5120 5567 6550 7138 6686 8277 8727 6134 9949 9194 1489 4633 9800 5674 8156 2529 7945 7115 6062 6577 583 7525 6096 3381 3930 3659 8233 2079 3419 7565 414 9109 2148 6475 2963 7338 8947 3676 6828 3535 2540 3643 9997 5696 2710 252 6948 3319 7674 2618 1266 1021 8363 4942 8454 2434 4123 1806 2096 3243 6864 2453 550 9149 9377 2007 6536 2717 1306 4395 6124 3518 2403 506 3875 5006 1919 5900 2047 4816 7526 8440 6822 4540 6492 7908 5642 3654 4710 8547 1821 3148 6022 4637 1901 8160 259 7703 8361 1708 7555 4992 8768 1125 3202 9652 3912 6137 4520 9541 308 5532 1034 8416 7260 3798 7051 9384 9508 8016 443 4215 1376 9540 3865 1285 5908 1445 7963 3489 2016 2675 9229 3337 4516 6932 617 4444 4054 2157 5378 3683 5 2646 7888 4381 4805 4908 9828 3757 3629 9488 1824 9558 2542 6507 937 526 18 6792 132 6839 9646 9170 5331 394 6002 8434 7093 8925 1784 5541 7161 261 3832 4146 3669 1211 4423 758 4334 1683 5751 3838 188 9705 7781 928 8163 6802 9196 4609 271 1205 2104 8101 8918 4767 1750 8023 8458 3137 7539 1528 2489 2428 4194 896 7332 75 3672 3303 8132 8699 2498 6388 7331 8222 2601 3440 9514 2961 1801 8380 3527 338 4143 279 7132 2384 3244 2575 9609 4959 6389 7308 3101 2624 7815 7381 4546 4295 6168 4654 1732 6187 7292 9306 1834 9151 2622 4555 8590 9743 9387 3604 3088 906 9329 5127 7921 4484 2204 9427 6025 8562 6219 7784 9027 333 2345 297 3515 481 4114 7327 1713 2718 6065 8436 4996 1905 8020 6233 1688 9584 9050 2618 7055 9319 404 6659 5362 8209 7986 9289 8158 5762 8445 9854 3944 8034 7315 7349 4108 3348 1222 356 7760 6469 4692 4695 2006 5192 2965 4164 1754 4234 3913 1296 2737 6536 1863 5748 7247 1768 1879 1526 1807 6107 2969 8900 1194 8390 5428 9742 3815 8654 459 9813 2362 3978 2513 6152 4055 2198 2337 2174 2569 3613 2219 3094 1695 9897 5016 9927 212 8896 4634 9272 1607 8161 1225 461 6665 6742 4590 STOP
8115 2039 5778 6376 7494 1655 1003 1427 6047 7267 7088 2452 3698 5416 5591 6628 9998 4012 9652 7610 3483 3922 839 3681 4981 3850 2845 3949 1486 7272 6202 5387 3345 4673 8114 4551 8755 3866 9040 7120 8410 8421 7613 1199 5560 5279 5000 1236 1832 2287 1451 4445 7037 4693 7963 2260 674 2896 4377 5882 2787 2358 8529 4084 9803 3127 7796 3032 51 1101 2928 5063 7164 4448 5575 3978 4329 7949 2176 840 8157 5633 3954 8031 9880 7043 5132 9381 4760 414 5549 8699 1849 2430 8140 1629 998 3950 5910 8988 3689 7597 368 9748 8715 5391 9436 1099 7002 3050 2170 913 2638 7900 1659 8345 5228 6300 1382 2561 5269 4025 9274 2704 435 3653 3081 9649 7797 9082 3333 4524 3067 4987 1891 2145 72 557 2242 9136 6524 7198 3408 4621 2500 3795 26 9640 1832 6273 2834 6923 3867 5471 1809 2049 5392 7895 9157 1388 3168 5958 2631 3050 2381 5185 3646 3721 1337 3414 8750 6664 364 5936 2441 8813 5019 6838 136 9250 1227 5948 6158 7957 2742 446 555 9279 4653 9814 5971 691 50 3738 8620 9934 8095 2912 2732 5204 4484 7270 5544 1404 5088 2876 6476 315 6350 5817 1074 4611 8769 4294 9052 66 3737 7708 2912 2248 2772 5713 95 8043 1161 5062 8035 1211 6327 5674 7281 127 4226 9884 2727 5739 24 4631 5266 6543 2933 3186 5454 2314 9251 3792 7056 5966 7612 120 3049 3260 8287 5158 3255 6256 4323 3776 2910 5775 9995 3427 4369 7609 6410 4680 4587 269 8309 3035 105 4784 4191 5456 1598 642 8969 770 2243 928 2401 6863 8252 263 9604 5552 3755 5575 4344 4898 8372 9215 9110 3830 9284 6528 2032 1014 6070 8157 9229 8751 STOP
9346 1162 1113 2759 4710 7633 1170 2102 4712 9653 1747 1743 6162 2497 6406 1404 7409 5195 9033 5218 5092 5233 3844 597 490 3362 4776 6635 293 9324 5900 3291 9268 3335 5389 6330 9052 8582 3751 7525 8705 2024 23 4368 5553 4550 8364 1491 4310 1661 6802 2572 6968 1981 5876 2968 2263 1157 4141 3874 2673 2860 9198 8676 2503 1721 9569 6291 4229 7889 2421 5015 9263 7553 2364 8734 6192 9945 9178 7926 68 2687 6678 5655 1128 4821 5677 4426 3939 6693 1770 5776 7023 538 3261 9300 1827 1709 6864 9880 4533 9317 3938 869 4165 1245 6382 4817 7089 1958 547 991 5680 3034 7794 6040 9846 STOP
4475 9377 1618 2818 7988 1957 885 3435 7970 3828 8512 4665 7947 2369 6130 9562 7363 7308 4091 3521 6943 6142 504 1528 4728 5326 9413 148 9301 9117 7252 9225 7824 2998 9435 1155 4514 3068 5656 1403 6199 4145 7746 3545 7584 1733 8718 3784 2381 1368 1419 1477 4507 4020 7068 1014 7298 3261 1233 3992 6939 5747 8139 6966 1490 4649 5234 9248 5910 9577 3068 3465 7869 5576 9354 4931 5012 8679 6532 9238 6343 4918 5729 7953 5638 4317 993 7784 8787 6174 8087 735 6481 666 1823 2044 9899 6520 8881 7720 9978 2293 729 8773 7568 5182 7222 7509 4413 1083 3589 3916 5867 317 9719 7975 9453 3549 6978 4738 128 1103 9703 2134 8137 4166 8748 4939 6233 705 3681 4707 1942 2429 2128 559 7782 1165 7164 4635 7050 9319 4095 2971 3546 3692 7355 9975 3306 7010 9233 647 9492 1259 2537 7134 9752 6114 5895 4179 8572 2824 5841 4877 6842 8711 6070 1202 6197 8836 1198 6559 2449 7656 4560 5838 835 9482 5252 779 1153 3562 7944 5237 2586 139 8295 9044 2631 3257 7100 6642 6331 3651 1997 7148 2661 6797 3923 5725 1614 7468 2258 8883 7996 147 1457 9574 2123 2741 9278 5317 5173 4170 5700 9385 8413 9446 7641 5318 3923 2618 2387 8915 5034 8724 2191 STOP
7987 6959 5885 3337 5630 1850 4216 STOP
9306 9713 2311 9019 3944 4636 4694 4445 4113 7883 7305 4149 9706 5267 7817 753 8314 2657 6564 723 1905 2608 519 5765 7575 9066 5965 3609 2504 8518 503 8769 8249 4994 1254 7472 7394 6789 5519 7824 8382 586 4546 3831 18 6742 1478 7281 476 7652 2779 3244 8377 1084 3765 6147 6378 7462 3115 3343 5397 9476 8476 7666 7085 4542 1709 3855 7480 8916 5166 8140 9254 4832 9627 8024 7835 722 938 6102 STOP
7084 4452 1090 7553 8777 3260 5646 309 3733 1275 9080 9687 4287 9938 561 1210 6278 6605 1285 7932 7643 8889 1910 8396 9768 1730 6710 8602 7842 6426 5774 6410 8206 8129 8358 1441 7124 7171 626 4646 2114 5216 9093 5464 8762 6282 3263 3494 7767 6942 859 1120 5907 6058 3770 3607 9556 3464 7130 9937 18 6915 4105 6173 9180 4942 6108 8061 1851 2614 7010 7113 8617 2385 6541 5335 7191 2907 5171 1683 3115 1065 5312 3479 7865 4049 2223 8315 9386 2000 3591 7760 8280 6355 6377 6179 8157 2623 2183 5214 3980 4455 5854 9942 6772 STOP
8003 4204 208 8422 4642 6253 7667 8648 5952 9298 8552 9808 2384 2875 3563 4968 9243 256 477 9060 7101 329 1998 977 9889 5053 158 9948 4097 6280 2735 8565 1132 4841 5112 5849 7192 4223 6036 8356 6721 1180 7258 546 7569 3757 6095 2325 2810 2990 3035 2493 3412 7696 635 2513 5328 9642 STOP
6279 2487 3354 689 3107 2964 9153 6397 523 7047 9552 1797 7726 4287 1127 7382 9547 7738 6837 9318 7926 1641 1516 2534 1413 4444 7820 8282 6954 5795 3557 1958 2803 1032 8427 8808 5395 9695 7943 7399 8023 7351 5153 3866 1528 2838 3087 1453 6626 2441 4695 2559 5774 1110 255 2577 8356 6144 4729 2363 7402 7189 9155 7095 7715 1685 1463 4346 5997 4679 3141 8861 393 8522 1668 7156 7524 9021 5729 727 4398 1668 2781 4310 9439 9124 1497 8037 3178 6308 4678 4101 3553 9761 9560 4027 7027 8825 4582 5874 6771 4513 6434 8805 7908 3038 2507 7736 2652 9784 9766 5308 1427 5210 7572 5681 5058 2752 9814 6948 5426 8833 2831 3596 7240 1236 6804 7815 8188 8683 2768 4094 9027 3133 4654 2249 9487 6496 3429 1341 1532 6868 9228 8255 8535 1363 5244 3205 8084 1040 5134 9643 7143 6972 9699 4318 9771 761 5313 5047 175 2936 5793 867 8273 1176 4461 4752 476 8625 2886 4844 7910 5057 32 190 5357 4624 4118 6254 72 4482 8431 7769 STOP
9466 3313 2721 4041 5624 2172 3127 2373 3084 6065 6494 5545 7944 2615 1646 5292 4758 5680 8781 1437 3072 7582 2042 2900 5882 3483 6728 3715 6762 6244 3158 7120 7352 7082 5331 8965 3065 6115 3815 7979 9800 8126 4068 450 2869 2342 9146 244 5962 7408 8749 7039 2281 1166 467 6386 8637 8329 1305 4737 3378 8823 6617 9757 7122 8369 6276 1209 1996 6581 5169 5181 3089 6496 9147 6908 3080 4033 4098 1604 9988 1799 9314 7903 446 4846 1328 3513 3542 8569 9474 1322 9800 6164 8022 9357 8273 5479 8044 5999 1839 6630 3720 3249 1769 3276 1413 3821 4244 4280 9058 3684 512 7169 5998 54 691 2384 1798 6210 2442 9151 2239 9646 2034 7596 422 8370 1194 8515 30 4748 2774 3064 6736 4539 5065 6728 6061 3589 4232 8514 9701 2290 7235 1548 5895 6537 1460 1210 4045 5336 3744 9397 8968 1950 7283 3053 6198 8911 2720 4267 6406 6160 784 5899 6259 4728 5284 6002 1167 5547 8351 7291 525 6367 8278 7078 5783 3100 1686 9053 7165 5614 7857 1946 8371 6046 1155 7847 3045 4961 4918 5622 2814 3181 8629 4064 3806 5095 450 9211 2284 9528 7125 7341 8095 760 2757 182 6431 6109 8395 7942 5100 8837 4493 5834 5448 9684 8547 5100 2464 502 9682 2563 1060 3203 2560 5721 979 4259 8695 2081 6598 9310 776 3474 3555 3176 9939 4402 6786 6333 9609 912 1037 5837 3698 9275 1891 626 8955 1705 6307 3169 9271 673 5838 2311 7906 1198 213 8192 6364 6742 3490 6741 3067 3235 2540 9928 6970 9091 8310 3716 2160 258 6244 480 6593 735 1733 5902 8116 4960 8674 STOP
4124 536 9720 9543 2643 6800 9408 9761 2575 3679 8516 8622 7360 2939 2983 9334 2268 4570 4882 3533 8936 9950 8921 7162 1578 3920 8527 4866 1800 3093 4023 3428 5747 6538 4636 3298 5272 2532 7825 2204 6118 7870 5878 5410 1803 5060 6959 4901 2459 4363 STOP
1263 587 3139 62 1814 1996 870 7598 7402 7737 9237 7718 1986 8399 5944 3465 1167 3178 315 138 7514 8471 4706 3280 9076 4814 5760 7502 7821 5341 4528 2446 2392 5796 4576 4085 4767 3511 1161 5251 3272 1649 4009 8117 78 31 5993 6512 1674 5340 9002 5074 162 2530 9381 1718 8555 2308 2292 8941 2449 7454 3474 4975 8461 6091 3807 6503 1220 4625 4041 4517 9627 8750 3811 3395 520 1744 3453 7559 9106 1608 2627 3915 6617 2213 848 7708 5273 7442 3901 744 9867 5977 657 4000 4630 2501 2446 9293 2030 4544 9117 298 5198 1320 4750 9423 8102 644 5498 6963 8484 8679 6430 5843 7436 3983 4087 7989 7139 8517 4527 9758 6850 7242 6253 938 9169 4537 710 3558 2848 9381 3500 5736 3696 7166 9651 2160 6086 667 9456 6949 2937 9832 6495 845 4619 5256 3702 8796 6116 8344 9644 3368 8037 5697 7799 8094 4230 992 7815 2703 8399 7345 8524 8403 472 1914 9751 5401 3257 6176 3529 6269 5281 2679 4791 9395 4188 7746 4060 532 5779 9059 926 5576 3575 8033 1791 1302 3957 4876 7059 7498 4778 3264 9747 905 7644 1535 7574 4817 7175 5362 405 3577 9735 6325 3898 8624 4999 7683 7507 4849 166 4688 9031 429 6221 3070 5430 1416 8529 1607 8503 1764 7206 5142 7885 3004 5728 475 5786 4666 8672 1231 5540 9581 9320 7851 190 3006 5869 7329 2654 8480 3273 9503 7535 2451 2198 362 9270 2018 3980 5627 8056 8566 7850 8992 1385 5047 6877 557 1956 6242 3342 8953 5858 6150 6240 4645 6570 6568 776 3420 3571 6288 1459 4382 9462 864 8067 7515 7609 7319 1664 2346 4272 9187 1330 1161 5024 4909 300 411 811 703 707 185 437 3462 4443 2239 3827 520 4604 7870 9829 405 2148 2584 9562 4030 8888 734 1562 5085 5831 1844 3072 7114 9654 4341 2137 4789 8660 1136 3828 7921 9914 3518 3021 449 7283 2591 7491 6083 7378 3996 3661 6520 4177 1923 2711 4301 3847 3689 6678 1436 9901 9161 1396 3011 9554 2535 7645 1652 2655 998 5397 948 1176 9893 7243 9363 3685 9029 6139 6939 9484 7929 610 1725 2102 716 185 5706 218 3717 6748 8195 5550 6438 3402 5089 4251 5500 351 5577 6170 6552 5818 6650 1752 1916 4531 6986 336 4421 6382 620 4383 6293 190 5594 6788 2487 1628 7986 2223 9188 2039 4411 257 4928 7178 3255 360 1582 2038 874 7038 4251 5690 8659 8025 682 3358 4486 8065 4933 1601 4761 4370 2387 6152 1170 2209 7727 1718 5642 8670 5854 708 2526 9501 8453 1031 172 7574 5163 4796 5006 8253 3218 7996 557 5719 2037 6722 9167 6489 1424 3918 4233 5699 3920 8454 3429 5372 8964 8519 6994 2799 217 2505 8532 9632 4608 6568 8498 2969 138 4679 2941 33 7136 1236 9353 6988 4930 73 3135 6988 1474 3354 3088 3168 2556 5147 5968 2944 9967 3252 7200 114 2298 8071 8017 2346 2349 5803 2423 8695 3532 8388 2720 8333 4125 7875 8045 4770 7497 7324 3476 6467 6848 9432 8191 3660 5038 1719 1223 3510 4547 982 9473 328 3393 6032 8858 9326 4108 5875 1690 1852 5382 7094 9836 9949 7469 3414 1707 1704 4135 7693 549 7515 6664 1557 4652 2312 8395 3586 2114 7590 2336 916 3035 5741 1298 8903 7599 3496 5425 8396 8387 2568 8074 5499 3578 4248 STOP
6469 2512 2133 1705 5729 8809 1148 9200 4784 9320 6719 4910 4024 5619 3757 9819 7895 4316 4196 1978 5104 953 7104 4034 4739 9686 935 1671 5899 5919 8222 37 1009 3603 5316 9418 1764 3303 9382 4761 4809 2322 127 9273 STOP
8873 7225 6566 8784 4497 35 2307 7919 175 4088 2445 3504 3485 5806 7139 1538 1099 8729 1938 9666 8278 6539 6120 633 2428 4744 6221 5494 4708 282 7696 5018 9942 7984 5939 7967 3851 3018 1052 6683 4444 1695 6401 5056 225 8913 4047 4775 9327 4773 3839 6823 6128 2778 5077 4127 7269 5508 803 8367 9649 2054 763 6244 1717 559 4947 7725 6543 6935 1645 1853 8548 124 6932 5085 8510 3995 5597 7490 2185 2514 3294 6372 192 4594 913 4280 189 1516 5678 8224 8893 3071 4044 8904 1755 1434 3313 13 446 1195 6499 2028 1096 6383 5641 3264 9216 9542 1673 3427 7710 8871 2144 4619 4569 8924 1271 9260 9410 5092 8342 2839 5281 3658 9694 8085 3572 1363 1001 2130 931 5704 475 5229 8726 597 6862 3753 4120 9564 5776 1291 3815 3268 5789 9146 3776 4666 3670 9083 5673 3155 662 753 9386 1086 8692 5930 3384 5014 7651 6094 4852 8565 5414 9970 6324 406 1069 8530 754 5417 8005 5371 8461 287 694 2992 5339 8136 8892 6102 7487 2874 6693 8768 4505 4600 3985 3857 9179 9018 1561 8203 221 5111 1574 5217 3039 1120 5339 8103 3647 6569 9115 4554 4255 2474 3650 8848 9190 217 5118 9732 7326 1812 2462 9577 6583 8064 7699 7037 6043 1682 3834 4698 6227 618 4003 1004 9911 320 1943 5710 3801 2556 4959 4792 5079 7728 7594 3645 3437 6538 7806 5748 2021 4058 5511 812 6367 1881 8862 2685 4089 3504 9733 8292 1951 8269 335 2405 71 9602 403 9991 4443 1249 9562 4972 1117 4379 7584 636 211 9194 4167 3584 5646 441 6367 5809 2832 5469 1096 869 6132 4658 1925 9095 9278 9480 1558 7662 3869 5791 4260 2910 2974 5548 4992 1861 3628 9345 7607 9988 1834 1507 6768 4894 590 2975 4610 1372 3246 6798 9083 3442 4125 5904 5574 8134 2566 2951 2760 6526 2844 5400 139 2381 6360 4109 7084 879 817 9809 6556 1900 3389 1003 6457 5343 9470 7133 7790 2867 3674 2089 3500 2120 1906 9864 9870 622 4816 4850 8413 4855 3484 9391 3537 3484 4899 9955 440 4406 8286 1458 5128 9167 1475 8656 6015 2381 5319 975 2526 593 308 8754 5805 1491 4089 5327 6907 4038 1777 487 213 1276 8814 STOP
3680 3691 6682 3912 8685 823 4928 460 9072 7204 4665 4444 7876 1055 9312 4826 9625 386 486 2498 5890 1308 113 8295 6992 8737 6727 6555 4798 450 4139 7176 3791 9537 8609 8365 9654 3697 1298 5617 8163 8502 3127 121 9281 7612 7858 1379 9188 1796 4263 1144 9206 9776 1090 6879 3146 6013 85 4824 4096 7753 9397 6160 3336 4558 2592 5783 3509 7986 7125 4707 6499 8471 814 7688 1769 9491 7279 2631 1260 5161 5521 8559 9824 1040 6754 5664 2066 953 2989 7432 4442 5704 9804 7675 8261 3656 4339 5787 1242 9172 2522 7951 7807 9026 1238 4401 9366 1675 3637 4838 9152 6667 2544 1006 2252 5984 3631 6206 9939 980 1977 3019 5910 7104 2931 1470 699 6219 5457 2096 9584 7435 1988 5682 3738 2401 3912 5884 3190 5905 7086 5088 2357 2547 5439 6449 7672 6840 3306 7242 9706 6629 8841 5106 1766 7750 9142 1458 1170 5262 304 3463 2116 8775 6703 7380 9364 8787 9115 4659 5065 8096 1185 9566 9460 1798 8944 7115 5176 8331 8984 7412 2930 5511 441 5812 864 1512 4229 9201 395 9534 3095 4808 6526 4743 8938 619 9776 4449 5628 4176 4294 3862 9725 166 8333 1222 7909 3958 9534 1872 6009 2423 2817 1168 3550 6164 7115 531 3181 7136 8201 4995 5411 1500 9918 7506 5622 3601 6659 790 2704 3270 63 5765 4653 4461 8103 1858 5039 3958 4220 5934 STOP
1605 63 9308 9586 4509 4049 1583 1643 5279 1929 1963 9527 7329 5041 7737 5931 2933 1660 9474 2765 6347 2644 3810 5609 2 9192 6707 3758 7759 6367 2939 6135 6368 6597 3525 7555 8326 6506 4166 4535 7080 31 9851 655 1660 9676 2370 8415 6219 4726 2216 7210 8327 7296 8526 3389 4090 4346 6581 1434 7448 2749 2110 1587 9909 4865 9551 7452 6751 9859 6378 7972 9576 950 1269 6469 5164 6507 9094 6941 8744 4913 3009 1806 1291 6473 9969 3035 6075 4652 6864 6374 1415 4192 3857 2939 8094 986 3539 4170 4088 9635 1570 6605 7537 5647 7716 8766 5800 1683 4314 5787 1961 6143 2393 1728 7057 9356 196 4205 2108 2490 3951 1883 4595 6390 116 5000 6789 6186 9688 1468 5247 2418 3615 7881 1066 4598 3113 108 3517 7723 1088 1410 315 2665 7068 5616 3766 220 8016 8059 3401 9289 8434 7603 5420 5731 8409 5368 5946 1282 6034 5713 5701 609 50 1668 9439 5653 3758 2365 2058 7772 1683 6337 9299 6783 464 5670 1648 6942 138 4068 9985 7714 4666 4494 9449 970 5394 6982 4210 4008 6267 251 9068 7835 3733 1219 225 83 824 28 2536 4417 3828 5852 4995 2465 7013 7870 1351 7346 9074 3861 2179 6940 9464 6176 3572 2000 2930 6829 7406 4336 9405 842 5782 1381 6184 5620 3730 5475 3691 3573 9808 29 4235 6127 7877 4216 7795 624 8594 1203 5648 4921 6229 1727 796 3046 1793 4825 37 3420 8460 8683 317 5482 9077 6893 7435 8044 5497 6574 5824 5270 4540 9188 883 8388 254 4087 330 9751 6303 7718 2155 6859 7065 8096 3804 7686 4636 4293 8131 3154 8179 8387 5913 7461 6799 2935 9076 151 2027 3822 4199 8749 8395 2224 1109 4413 4263 2182 9668 4155 7198 9527 7329 8208 7149 5065 2930 3878 8076 2006 9708 6063 7605 9300 1813 9728 990 327 8018 8996 5910 5783 3990 9174 3349 1422 1041 1178 7947 7644 3400 8802 4788 3749 5873 9692 9561 2388 3333 7907 1698 203 929 3086 1293 9495 4951 9319 5572 6353 5480 9530 7462 8822 4109 791 7453 3510 5562 2376 9662 8175 4483 1621 9767 158 8858 1828 2503 5539 3291 6127 4601 4075 6052 6252 8303 8435 5292 7623 6072 3628 5327 5091 5941 1172 4220 5613 3319 2481 2791 1751 8334 2462 1513 6129 7316 3480 9511 2491 8328 2692 3982 3679 1090 7378 812 4853 8444 4380 7761 7129 3950 1021 1884 988 3777 752 6576 3430 60 2982 9964 4107 8925 2192 8973 9650 6196 4084 6710 110 4725 7215 6405 4978 8640 3551 2647 5354 5007 7712 1231 8347 1496 8505 6861 6248 8101 8241 1869 7280 6373 7507 7780 4843 4446 7470 9051 7689 5049 1793 2076 8059 4450 5413 4861 9086 369 9716 7370 526 9 8992 8120 8808 8454 1134 5377 3450 246 3863 531 5579 6432 5654 9812 8151 2272 9325 2608 7817 6966 236 6891 4510 3006 3358 7914 403 4633 6589 8175 593 8653 3855 921 2707 7721 3723 3649 7486 9042 1352 1618 STOP
5992 5740 4524 3974 8338 1928 9717 6192 2800 4652 4975 4750 6683 5352 4965 6906 5588 1919 5536 2473 1148 7263 6415 6136 4047 8077 2983 4777 9046 2683 1268 8295 8905 5134 8026 6379 5679 7176 5241 33 1435 8913 1049 8862 3187 6498 1752 8041 844 8566 9336 2793 1475 9545 9389 2941 1758 8397 8397 8315 8530 6822 3451 7971 431 8913 1484 1315 487 4530 5778 5739 4008 4655 2972 5230 8759 4879 9757 6449 681 2244 7326 2046 1624 6090 3408 7918 4046 2813 3129 5312 3471 498 3080 5014 3914 6156 1716 1466 7998 9902 1479 9983 7356 6836 STOP
6138 1678 1754 5375 4355 4970 7716 81 8022 7152 9259 8474 4211 2985 277 9958 413 6666 9655 6237 2091 196 2592 8278 4604 288 4988 118 7807 1445 8772 3364 3780 9799 4709 9512 7961 7082 4438 2357 6614 9544 1784 5055 34 7219 7506 5533 231 6622 4026 788 3107 9050 9836 3147 3367 4983 4477 4850 2959 344 447 918 7692 1282 6167 8196 2251 992 6431 1601 4456 4766 2554 8327 9351 4415 5808 5176 5310 4536 8833 3282 3089 2702 5692 3517 9842 3565 5485 9424 9194 2118 6191 5127 7934 9914 4030 8040 852 9515 9440 9954 1554 1681 3462 243 542 4323 9334 6207 4750 6629 773 1033 2868 4316 9394 2155 3230 5318 4604 3844 5203 2500 1855 3328 5390 351 326 8930 990 3308 983 7229 6168 4669 8523 8557 32 8926 7261 5276 6256 5723 6845 6802 691 3591 9876 9458 948 3020 2335 2436 5129 28 7652 946 1721 2343 1918 8508 7539 164 9740 2220 5248 2303 9467 461 6519 3868 1734 4242 6002 347 5980 1699 752 7678 366 2943 9951 3075 7090 6291 4035 3161 3494 9505 7845 4050 7507 8462 1374 9510 9431 6541 8614 7203 6500 5585 1092 3671 3827 7666 6193 2378 7965 9473 947 7964 STOP
1613 5434 7161 9606 735 1458 1856 1217 250 3428 3044 2381 3886 6725 1928 7400 4672 8888 5449 9706 2790 6847 7420 8448 8613 2567 2698 8544 6515 1392 8025 212 2541 4153 3092 2693 5839 6664 7310 6791 1244 8357 6708 9731 9632 1565 9734 8333 2557 6760 2899 7019 4402 8315 7293 4980 9631 7419 6145 4380 280 7740 3002 5937 499 9129 7167 7181 3751 6102 3731 9854 5730 3063 6461 9645 685 4524 8959 6747 2799 974 7806 1615 4528 9933 1834 7298 3442 7546 1160 5856 6224 2054 9811 857 6296 9402 6315 7133 2526 9831 8850 7262 4458 7157 3191 6880 2021 4504 4140 7088 1283 9425 435 2622 2557 7246 1435 6517 5420 1824 8150 6083 3323 3183 22 4861 5138 4860 8962 5864 2134 3617 6074 7041 482 2750 4364 2437 8546 9327 6677 2802 7193 5272 3721 9607 5021 487 4255 2246 5768 7160 6979 6158 7141 2747 8168 2531 6186 2272 710 462 6463 3371 1783 5482 3045 1798 3650 3230 1261 3109 7017 5391 3603 1084 7468 5055 7145 9653 7892 3223 7242 6970 2152 4573 90 8847 3550 7679 8827 5677 138 9671 5631 5640 3508 8033 2094 2530 9532 201 6552 9453 9878 7077 2082 345 286 4172 2823 7196 6177 5581 3996 6519 8698 7311 3513 5828 2192 608 5282 6641 673 2016 6946 820 2893 1844 2157 8467 1524 2625 4045 8100 6395 4085 7343 495 9379 5507 STOP
6204 1724 7781 9642 8413 740 5272 9277 9271 3568 690 490 2858 2381 665 5554 2014 6880 9931 2409 5420 4203 3321 6689 5840 5300 4328 9045 1693 1613 5738 1094 6108 9186 7707 3842 1729 1819 9255 7129 7636 1942 6518 8071 7859 7424 6531 8401 8438 3350 496 6370 5146 1472 9143 8429 9636 5104 704 6059 8468 9355 5145 9288 5082 1494 7490 5582 1569 2083 3407 83 7778 4751 1800 8034 2587 2914 8683 7532 4707 9678 6083 8608 296 9428 1423 4700 9697 9290 1917 8272 4228 3191 2992 6733 90 2034 4516 9006 1293 6483 5813 1277 1164 220 2004 4137 6503 1623 324 4644 7066 9652 8113 7387 7056 2689 6672 9898 504 1277 1226 2680 7480 3246 3393 1451 3996 297 5295 4725 4187 1139 59 386 2222 2372 5986 7570 5209 5980 7318 4170 8638 3981 5324 5899 2693 198 2601 2316 1106 2843 6277 7998 2707 9179 5485 1728 1785 7343 939 8238 9880 4084 3125 7808 8842 4876 8427 5808 1343 9358 9387 7930 7514 235 7349 840 4255 6788 2895 9437 9575 6876 9401 1256 2926 1147 6366 9169 6239 8274 3145 8289 6899 5306 7660 8367 3040 3876 2150 6659 8281 7504 4702 7207 190 8738 4331 5455 1581 9903 3147 4640 879 5837 743 1035 1607 4434 1955 1273 5557 4798 608 6389 9334 4542 1089 6598 7304 1551 916 5614 9374 1372 1355 7130 8483 6104 6594 875 92 1058 3780 2096 8189 9609 5801 5008 5466 5380 108 5489 9565 4924 4443 1478 1044 7115 9637 1579 8938 2246 6135 1477 3702 17 2162 6383 352 8851 8967 416 8675 195 4187 7784 STOP
829 7703 3057 9956 8021 1915 3719 9396 7644 4414 2401 1254 429 1391 1540 9935 5937 9152 9110 3275 9412 7068 1232 4180 9905 3451 2539 1987 155 7124 3993 7676 3856 8535 4346 1328 8585 3264 6173 1646 1312 295 4331 3595 305 4186 7182 9454 8163 702 5836 9225 6152 1654 9202 7202 1102 3181 1470 4242 9724 4226 1618 4407 1056 7646 4931 695 8920 6143 3464 3039 7046 3386 4844 1315 5727 574 1667 9653 5963 5555 5107 6531 6039 5483 8485 1294 8593 9762 3697 9154 6195 4698 8524 6370 3984 7501 4155 6573 708 5788 9950 5142 5755 7668 7353 6464 1893 3925 7605 7299 5578 2520 366 5537 2865 6994 7779 345 8222 1545 8588 799 7669 6733 9854 8543 4815 4028 1581 6428 7926 2293 6041 6335 5770 265 5460 4110 3480 1818 9643 7129 3529 6206 1345 787 1166 9366 1622 4930 1245 3727 8501 8621 5286 6359 7007 9036 43 8116 5788 3702 9104 9272 2720 3213 1872 2616 5925 1982 628 5880 1588 1946 7011 8107 3962 5968 6632 1718 566 6594 6723 7264 4045 1866 7995 716 226 7770 7452 8087 7038 793 6218 8901 2987 3124 9012 4826 5030 9348 8668 9274 5794 6767 9109 7369 7827 3914 2362 4195 9476 8681 3313 5171 6652 566 4667 930 6248 5595 4469 7452 2022 1128 7738 478 7526 5592 5149 4345 2412 2739 5818 2259 4170 7832 8153 3855 7002 5109 9317 4676 8927 2493 3320 6215 1123 3780 9236 5164 2859 7946 1962 7174 9369 1336 3169 7457 1847 5372 1727 5664 2426 9912 6910 5486 3071 8485 7298 2129 5771 9178 2829 4645 1721 217 9321 3919 1177 9669 4837 5986 8528 7829 2450 8742 6129 1822 2081 3172 6539 6552 8838 8778 1663 4815 5104 3392 7586 129 1050 6439 3066 2117 9108 3275 3174 8931 3061 4083 3708 4858 1749 1030 2715 5681 3442 6798 1370 318 9454 4201 1602 5744 4235 2460 1081 6429 9365 4459 8388 2824 9224 9279 2450 9542 660 6709 616 1149 2160 3014 9074 8483 5242 4678 1791 2519 7446 4961 7625 760 747 9314 6623 235 6057 3324 9040 3003 3013 8914 5052 5268 8030 6024 1306 6868 9280 1786 8196 9897 9051 2535 9608 1080 2612 5063 4110 6879 7855 4104 7236 8411 1243 2242 1514 7581 4068 1754 8733 9356 9700 5530 7107 1313 1042 6093 1519 5303 8316 8545 5009 217 5769 691 7012 3209 2709 6484 42 7703 4012 966 4508 5528 1465 9204 399 3719 2548 3798 4379 6143 1456 5309 5561 7813 2406 1534 1102 3668 6026 9924 9866 7157 2016 3432 5078 3335 4270 1041 8953 5507 8691 5494 3350 6706 3678 4641 954 4740 2307 716 8898 5157 9324 5267 9724 9255 5791 194 2938 6198 1362 9809 4609 4439 3381 2922 5370 9432 3112 8762 6817 7602 2371 2096 1501 6755 2324 2999 4447 3575 9782 6399 464 3463 6052 8041 1227 8531 2348 5985 5336 5845 4150 4980 6851 5073 1392 8678 427 849 9616 8136 8999 3164 3328 1116 6088 591 1071 7904 4939 8994 8960 1574 1458 8739 5498 6194 9692 9838 7996 1431 5983 2920 1064 4536 9577 1630 8385 4425 2545 2116 7255 1472 1145 5611 4815 765 9855 91 147 9296 6508 5285 9377 6926 7275 1321 5687 8118 8358 6105 6399 2219 8490 6851 2327 5733 3534 7911 4888 5257 7932 9336 6347 3261 153 8562 1278 4329 3513 4464 3820 9500 5054 8009 3108 4476 7169 6384 2839 3374 6618 6189 3968 9667 5162 9463 3268 1911 6650 3702 344 2925 3531 8109 7907 3319 5081 9771 7307 156 9846 9721 6347 1207 5611 1537 9576 3841 6568 5097 6980 7942 5137 4515 7941 6202 5987 91 8029 6704 208 2140 STOP
8581 1755 8505 7579 8957 4744 7336 6798 9221 3144 9280 1811 965 842 441 7632 9542 9171 9356 5983 7260 6610 198 963 1393 4338 7800 5544 5142 9011 5079 9908 5779 8493 4182 733 4169 2581 4095 5 7391 2652 1569 4362 7058 6548 4996 3942 7395 277 5444 8126 4729 5394 4826 5359 3725 5068 4436 5955 1607 3271 4054 4153 9374 5236 9746 938 7812 332 STOP
243 3414 640 8721 6139 5598 1771 9652 3548 3430 4133 7140 9500 5272 4195 639 4972 6969 7423 7429 4862 8291 7133 2316 5774 7294 5423 280 8346 3501 1010 5246 8082 6941 4957 1212 6343 2117 3535 8226 55 295 9942 3657 8313 1959 222 2985 3472 8109 4171 8834 38 1559 7817 4642 7864 299 3352 7616 2571 2927 2502 1285 9901 9066 1254 1337 1657 7289 3461 5158 1576 8655 8454 3426 629 5909 4923 3998 3496 4879 8247 4323 2353 4898 8862 1700 2082 8434 5214 7658 4146 3700 2607 7709 9137 2799 1842 1332 7201 1086 3186 7192 7926 2638 2899 3259 4778 9269 746 2247 290 7095 2922 4885 2372 3677 5907 3741 3130 4059 5566 666 5083 6207 29 3541 6486 9655 4038 3680 79 9736 5965 2967 9032 924 8514 6033 1746 3148 6298 2979 8368 4548 1040 5976 900 6268 8906 4755 6704 1090 5028 6171 5447 9015 793 4002 2833 8414 3178 9850 1797 9250 2953 261 6859 2017 2288 6292 2648 6717 5169 5374 5827 2079 2279 323 3419 9739 2923 5209 1476 8555 5092 510 6905 4291 5841 8483 9540 9189 3148 2133 2597 2784 8581 2110 6911 2815 6463 4397 8621 9775 3074 251 4140 5067 3509 4247 8959 452 7411 8692 5846 6285 2891 4500 8289 4969 2498 7352 4017 6329 8805 8729 6719 189 8446 3504 3235 9733 7133 3421 8515 3428 5061 6388 1422 8475 1913 5856 1085 8695 1272 1413 2919 7346 7989 5312 2852 5779 9516 4885 6451 3511 544 9970 515 6740 8873 8454 5289 2419 1426 9924 2182 9801 833 7016 4768 2494 4858 8076 4695 1302 1331 2771 6131 910 6687 8824 5247 5165 6521 9833 6244 7347 849 4937 9946 7542 4414 7854 4837 3965 6559 3030 6116 7788 4266 1005 5975 7011 2519 5473 1495 7881 2700 2835 7258 9877 2072 6596 8650 3342 3327 2834 7957 3234 5868 4842 4945 6594 2987 4207 3928 78 9760 8185 260 455 3529 6661 4256 7391 5598 765 6606 2286 4825 3019 6304 808 8254 4777 748 4476 463 8296 6421 2654 8116 1446 7127 3994 7761 1851 3276 3083 9226 4178 6149 3827 9650 4407 7113 2838 2354 3895 5820 2186 8971 5894 8548 2095 412 754 139 7149 1601 1943 9594 5836 9903 1554 6396 1092 7373 49 2329 4284 405 3378 8702 3144 1426 1881 4925 1977 9489 1186 7530 1000 8842 6153 5966 4418 5169 5970 3054 8577 4729 3799 5039 5549 7274 5698 7673 3211 6549 3336 9723 7213 7522 6863 3326 5539 5248 3431 1128 4940 3907 5218 8818 241 6157 7023 8113 8955 8700 6280 255 1771 3372 6927 8065 6195 5116 2990 3890 6908 832 2292 7847 627 479 3142 6306 2694 6063 6317 7857 464 1322 7178 4363 9987 5986 2444 7280 9267 2840 9267 7535 8876 9320 2399 9989 1981 170 1336 1302 9063 4600 9529 8854 8620 3095 3606 7190 6061 7810 5758 8169 5389 8497 5304 2693 3035 736 7208 7957 9360 3291 1755 1110 498 1331 6177 8791 8443 542 7476 3397 9400 6821 1152 4042 1037 3525 5498 9684 8023 1862 4931 2986 3739 7559 7319 6383 8852 3016 1840 3990 2075 5635 7658 5499 3224 7432 8049 5465 9133 1218 8609 1176 9330 3137 8359 1461 224 6318 8295 6384 8766 4507 6886 5951 8697 7724 9599 7342 3475 3039 9763 7967 5520 5885 8021 1316 STOP
6435 933 5697 7107 6133 7506 7945 7279 341 189 45 4839 8319 5981 6296 3504 5416 2728 4830 3706 5815 1250 9991 657 2009 2892 1426 8967 3858 2899 7440 6945 2617 5190 1273 5792 9337 1708 9344 1083 8276 3668 5208 1134 4731 554 4123 3870 4357 6395 5910 6060 6264 7192 48 9031 3181 9479 6699 5564 1958 4967 1993 6215 9638 3179 5825 2628 4667 6808 4783 4601 7165 1140 5680 9658 5435 4330 5175 5273 3650 561 6097 8192 2930 7118 5225 2758 5106 2565 786 9143 98 6002 8934 4826 7725 3614 634 2498 5914 2252 8142 5419 7804 2200 9159 3486 5369 3276 1407 1826 5483 2565 4510 2094 5460 2932 6664 8289 2574 4298 2954 2796 232 983 8307 5875 8556 8713 9637 4840 STOP
6447 3900 6163 1172 2240 2723 2174 8890 9660 7498 5747 6437 4293 7931 9435 8894 8168 6067 6567 8477 5973 8846 6032 8136 4479 1757 6364 7014 2645 4740 3670 9169 5891 2425 2382 8452 4895 5792 6870 8091 4702 4857 9744 2600 9760 4299 4539 1517 8128 2726 336 401 51 313 7077 6718 5753 5562 7419 741 2204 9494 1786 9889 5284 7526 1227 5973 4550 9802 9061 9229 189 5296 4021 2088 2777 8082 1436 481 8982 8649 8039 2736 3986 8790 4338 6912 1541 9076 674 4447 8053 4516 6641 3542 7400 640 5637 4622 2055 2713 4771 7316 501 8256 4949 1947 6098 7656 6421 4875 288 3265 4796 945 4567 5873 5393 4340 5827 7254 9692 6402 4557 6906 1709 6318 7112 4325 1179 3196 5084 5948 4002 20 6810 1456 8425 8723 434 7174 7947 6395 4619 9639 8512 8955 4490 1973 8596 6661 7031 4312 461 1071 3605 2519 762 1017 2102 8893 1949 9764 1319 1498 9727 3407 5652 1662 1789 1032 6426 6070 9276 2576 643 8986 8342 2300 1571 3768 9736 1308 497 2888 4315 3962 6163 731 1492 7825 1155 1536 2227 4334 4112 2743 7061 7362 9690 3210 7217 7937 619 2719 2765 3342 6664 4672 8809 5169 8765 4463 9231 8181 3237 8935 8096 1646 2217 345 5036 8738 5354 7220 1142 1965 1111 4011 7306 9988 5530 3447 1269 7349 6543 1787 9938 8034 9862 418 3770 8189 2875 2636 5483 4192 2627 2078 1623 7521 9331 192 5500 4197 4357 4290 2099 2602 710 7218 2162 3974 685 5507 2408 5374 958 1752 2542 9554 9962 1209 3221 1137 7386 1684 8325 3903 533 4600 1448 7794 5595 5845 4172 8576 8125 5421 2312 801 6054 7268 4758 693 8201 6816 2451 7326 2802 8650 8509 2624 4021 1436 9680 1913 797 5915 4325 4837 3620 2138 6418 3877 2467 898 3043 7383 96 6315 9172 5386 8458 4879 6952 8897 4671 8383 STOP
370 8852 3035 5931 850 7379 8691 1480 8466 1892 3229 830 5037 3850 6658 2375 9748 1027 2197 7735 1892 5725 3088 3835 1253 8821 5142 819 7533 2513 5930 9873 1064 3908 3838 9126 6010 4553 1438 983 1824 8302 9376 7816 9868 4360 1750 2868 9946 414 1245 4169 2631 2383 2127 5563 2916 4634 1766 7378 3392 1686 1550 8794 5259 3362 899 2448 870 4031 1944 1906 2246 9655 3261 5797 3653 6647 9618 6129 559 3356 1024 6779 6458 3274 1204 3940 4418 9713 4274 4271 5456 2869 4629 6517 1325 6742 1000 1221 9566 7263 6140 4891 9124 1503 2833 268 9806 4322 8422 7461 2287 9043 2573 3769 9301 2140 4637 9119 2181 1431 9217 3750 8765 1876 6437 8423 3448 2494 3762 8921 2482 5811 331 5450 8758 3975 6273 9386 3890 8449 1864 6078 781 6300 7211 6685 416 501 2112 2988 1206 6591 8663 9148 6208 6339 1954 399 3618 9586 5934 4266 1292 6298 2833 933 7341 573 4930 5475 2010 4795 4999 9043 4532 7691 3483 7416 2423 2772 7427 6373 6865 7075 9238 7244 8616 5341 2443 2150 7804 2376 9315 5892 4188 4744 3337 1377 437 8439 3875 8677 7591 8948 3623 5635 3696 9585 7367 3308 4360 6321 4111 7787 8605 9317 6889 4428 6103 9149 7512 2355 7336 6725 2013 6324 9711 9952 3892 6060 4516 1075 3722 6061 2677 2600 9676 238 3512 8721 4010 9686 1759 9765 1312 5854 8224 4622 6242 5847 3024 7751 5288 849 4935 3694 7323 3707 9177 9637 5333 7081 3106 8829 879 1879 8943 5433 2828 531 3424 5342 2754 2784 341 6609 7729 9550 9938 8189 9988 2018 5201 4311 7062 5282 4552 4634 5239 6165 9688 8310 4845 8631 1233 3172 8582 8783 4831 436 3571 2786 9889 8178 9178 6374 5316 1413 9008 153 1650 7476 6218 4506 1568 2946 2932 4535 7397 3259 6123 912 7674 7516 8294 6126 8360 5752 301 9507 2355 2089 5209 170 3090 6262 6255 1768 2145 STOP
5235 6287 8446 1397 1562 2592 6941 5985 5216 1559 1415 4350 6473 2533 9843 7439 1015 5561 3290 66 2524 1885 4753 5244 4200 1273 3339 3506 3319 1460 282 812 3985 9295 7894 9921 190 8892 2467 3711 4281 1669 4170 4488 8501 5066 7114 2131 7712 6376 8444 8979 5733 2354 6034 9652 5333 9088 6079 1334 5640 8785 1826 660 6230 808 3939 4951 3271 2758 7050 8268 1319 8902 7009 7598 2392 4027 5133 6519 143 1354 2593 5256 8299 8263 6061 2796 3286 5603 4559 749 4237 4581 7806 8169 1794 8510 9634 6359 3152 5441 9844 6165 6632 241 6122 817 1812 7156 1702 1499 9412 283 1836 2965 8781 8546 411 6274 9881 6331 4551 5044 7773 3136 5227 4056 8894 1648 4792 4839 8494 5704 7659 1501 93 9852 8358 1135 5695 8069 4888 8542 7849 7638 32 4783 657 3151 8144 5243 3486 4155 4164 3294 7505 3963 59 4052 5818 7127 8807 9415 4169 8089 513 6961 6898 983 2587 5084 7939 6565 8524 7143 1948 6940 404 8271 3650 4727 1054 571 8555 403 3958 7724 1556 9721 7634 328 8873 3563 1698 6151 4311 2881 8372 4668 4121 4998 876 9273 4843 8528 3291 9124 447 6608 856 2802 5413 3795 5637 582 7851 9259 8345 367 5282 821 3287 8685 9428 5526 3502 1463 1361 75 1069 2041 8933 8768 8468 1095 377 5667 9622 7554 6514 3433 9291 6914 9158 590 1360 6965 3579 5645 1262 1324 2755 7841 8114 5584 6627 3024 8531 3224 1310 7926 3042 5532 4397 5013 2401 9501 9401 2103 4683 7794 6473 1981 8266 9058 5675 274 7344 1842 1803 6475 7915 1346 2537 8794 5185 8507 9848 5870 6108 7803 4182 2031 3477 130 4372 705 742 9496 1803 1294 6402 7290 3270 7083 3381 3308 5536 5971 6717 5587 5427 2135 3305 1888 3195 6592 5169 7898 7670 3525 70 5555 175 8439 2225 3582 7469 2968 6264 6016 3732 152 6758 8976 2602 4454 5884 3939 4882 8220 116 6923 2515 7076 787 7900 955 4023 5622 2780 4188 2796 5225 2382 4694 5623 4610 4105 7723 8194 6572 933 8809 202 8628 1276 3393 7737 7850 3064 3500 76 3289 6604 1737 4391 523 6044 5992 126 8786 7384 9381 8554 5115 4387 854 9689 443 9819 1318 7034 4385 359 3233 1095 11 1417 2859 7166 7030 1469 3384 4461 9159 2001 3558 6530 9287 964 6263 5561 155 1899 2339 3251 1599 9925 8273 4817 6166 3507 7489 1650 9504 4844 8717 4999 5237 6905 946 2955 322 7047 4324 7653 5307 5359 9480 4373 4291 5186 7091 8645 3090 682 7257 5950 8749 3923 7691 913 9275 8718 3067 1715 9232 7077 5771 7585 5099 1786 1119 4387 1041 250 5080 7376 2655 8553 5228 1735 4787 2318 3712 9281 6289 907 2261 6689 5927 7142 9506 9439 2494 799 7143 7061 6270 107 9018 241 338 6918 1577 1095 1408 6557 3108 7620 3980 STOP
3848 8667 3987 4219 628 7648 4846 2900 4399 9830 2649 7255 9641 7962 4429 1522 4073 5768 8316 4394 1681 8720 7089 3337 6224 5044 2863 6150 1212 3359 3895 1672 6510 603 6033 1567 2078 316 4424 1434 6898 2315 9976 3534 830 1198 2040 4223 8901 688 6709 7019 5555 934 8598 588 6110 1430 9448 289 3739 5284 2857 1452 3403 8513 9841 9207 5600 7485 1722 7850 5417 1822 2341 3594 6833 1303 4461 2809 5883 3425 292 3465 5918 4644 688 4499 8019 7956 3143 9045 3458 3627 4145 8022 4872 7631 9748 1966 692 1005 4663 7061 3453 4006 554 372 2412 1112 1583 5623 7889 1993 924 3168 2332 7203 9737 2952 563 8382 6192 9879 8356 7764 5675 6007 1312 9224 5639 9750 551 751 5573 2174 5156 418 3641 7897 3196 1397 69 3380 2886 3307 8739 6465 1871 7991 3224 9932 6511 2217 3031 5602 3631 916 9836 6224 4451 4445 7659 2084 5353 2920 2351 2413 458 723 2976 2362 8207 4592 1011 7818 2809 1418 1354 6240 4213 2926 4569 6066 4864 6518 9613 1977 4737 1559 9645 4474 7864 7087 895 4065 8644 9416 263 5925 5517 8141 3796 1597 9697 8530 4092 4502 9312 9968 8146 6932 9605 1345 8591 6123 2188 8313 1931 4136 845 8926 5077 5596 7297 7556 430 8974 1106 2319 9724 1561 9193 6923 7324 9124 2391 7202 7417 5494 9855 6117 4823 1444 6542 2544 8821 252 8357 5068 7942 778 8525 5419 9512 3168 316 1687 5037 7738 1250 4029 6485 4852 6818 6049 8347 7180 9126 6352 8921 368 6967 497 299 8768 4493 1509 5650 1019 2560 8609 7653 6484 680 8123 1547 330 3812 8561 7431 4687 1821 6680 863 8727 1379 8050 4906 8779 1909 5993 7696 7995 6155 8642 1197 2201 3059 1469 3218 9134 1276 7035 5132 1112 8477 5748 5360 1139 7549 9462 2807 1414 7268 3992 4973 6962 3260 8368 4876 5003 6156 4266 9644 8151 5690 1029 4700 163 9769 6664 326 2992 7362 6757 7686 3843 3233 2068 4497 1536 3447 3647 2271 5004 6973 5341 3438 1605 6247 5024 557 5710 190 934 436 6476 1257 9256 3752 3439 5256 1594 2313 2479 2259 9103 4963 8071 3503 1121 608 615 7366 9106 6625 9313 1091 5211 7826 7359 8044 3055 1567 4618 8556 6082 6302 7290 1246 6123 1096 9792 7935 9880 3247 2368 9852 8728 3929 9329 7601 5339 5980 2679 6786 5943 8278 8292 8028 4285 8145 9356 5598 2418 3495 7642 2107 8315 1556 9699 6676 21 8180 3862 4287 6012 1781 4802 905 7916 2943 634 2345 9421 4727 9495 6761 9669 8200 STOP
422 3044 7274 8986 6676 3681 5552 248 7186 3311 9790 7340 9467 2152 6845 6989 7571 8241 437 9581 9823 5254 3832 4345 8897 1307 1753 9932 7478 9652 7933 3430 4315 3501 5452 8634 203 662 1298 1391 4927 1637 6035 9841 3489 3530 673 4415 470 5161 9043 7691 8674 7805 1131 239 1001 6820 9160 1956 6965 9318 5107 7913 6364 4262 1128 8663 2230 9916 7362 8749 5391 9939 7108 5705 1314 5157 905 8330 7124 84 7431 6849 9481 5136 9264 9087 8300 7932 8846 2286 3165 4967 1414 8932 8997 1740 3077 4705 5877 6086 4962 1790 3879 4503 4686 8661 7750 8097 1720 4882 4134 5106 1669 7988 829 4481 6067 866 1263 1641 493 6758 3835 1015 4796 4451 8199 7926 3336 9840 2324 1167 6820 3333 7947 4209 4405 9690 9056 8998 3893 4185 2406 8088 5931 5580 7057 5302 4011 4877 2482 9026 4764 67 1494 6600 7728 9837 475 6726 3628 5678 8173 1234 3749 4123 1850 1027 3924 6623 5741 3090 6989 5702 227 2904 8305 740 1645 8307 7296 9897 6808 1146 1387 7765 896 8755 6659 2953 5174 8222 8004 5583 3033 2440 591 6358 8832 605 5847 810 6046 3890 2405 6845 7017 2263 9089 1908 8925 4412 3384 7733 6047 3030 6066 9500 5791 2833 5711 3946 5115 8800 1004 1191 5092 1436 2276 8312 9299 8877 3174 4137 6742 4653 779 8015 8562 7005 4563 4001 7522 3805 4958 6468 6027 9218 7781 1073 3608 7018 7285 7652 2532 2665 4768 6644 338 8334 3480 1864 3817 8996 3 6684 3797 2747 7211 8220 367 6230 5540 7798 8905 7091 2711 6762 8621 3818 2353 4209 8164 8699 8521 863 2305 5137 543 6927 6715 8795 7202 1970 9345 4376 455 4196 649 7734 3845 3472 1188 9950 2567 2371 9905 9759 5428 8971 6499 3357 2661 406 4131 4894 7075 8924 4401 1122 5341 6764 2524 7940 4006 2368 1669 9530 5461 8722 8957 6974 1372 9809 1369 7567 3143 3167 5141 8918 8289 9272 3409 4939 8729 1901 2283 9390 4104 8053 929 2263 5885 3833 6410 2420 8160 3736 2180 5683 612 1854 9364 3404 650 7372 3495 7896 919 2107 7322 5681 4168 8084 8670 6206 5101 3807 8482 1424 3313 9885 4545 3060 8721 892 401 3588 9422 8885 7089 3400 6993 7524 1001 6182 5207 7573 1116 5116 369 7246 1629 8973 4463 5030 9603 4361 2438 518 4636 4138 3958 7778 2401 6150 9595 2813 546 5989 2371 9413 2545 5492 1867 8243 2741 6434 8638 3244 7001 2788 87 8568 1124 8059 269 3794 4781 9500 127 7284 7391 8610 1479 1772 7276 8529 4064 1268 7207 303 8125 4257 9783 3017 7838 8484 2373 3309 4990 7036 7570 6570 5361 940 7216 4270 3671 6564 2210 4068 865 6421 2639 2334 8109 8379 3155 7622 238 9400 1205 9528 4669 2371 2728 5183 5346 3904 187 9750 6316 6347 6629 8678 6151 5225 5690 6150 4767 321 2082 1383 2853 4120 5345 9840 1788 461 1852 7908 9071 4849 4682 3775 808 6608 8740 8072 2796 5288 8224 5387 4201 3350 2409 3829 288 369 6378 8651 302 9116 561 962 9643 7406 1094 4028 5324 2042 2516 8103 5572 6990 4276 1157 8152 5024 7112 58 8794 578 8920 9223 2991 3072 6199 4836 8396 4281 580 9201 5035 9989 4153 988 1568 8485 8857 7733 9725 8803 8452 2950 570 9645 9719 4685 1012 8625 6402 5499 9683 4975 3551 5094 1775 4439 1161 7483 3431 210 5379 4907 3766 1613 7832 8365 8926 6489 9103 7040 4038 8218 1334 5155 2421 5151 9527 1901 345 5445 5918 1437 9975 4498 2492 9732 1271 2525 8998 5112 759 3298 227 1520 884 3137 6062 9904 3511 1032 2835 6848 2264 STOP
1315 5583 3768 3779 4964 3555 1983 7908 9274 1206 5100 1176 7301 5377 9715 2147 6087 8794 STOP
1545 9062 3240 429 4260 4271 1145 3129 8454 7529 8883 760 2136 9725 3223 6782 9825 4170 2597 2148 9723 5774 913 5840 3404 3942 2979 5695 1388 2520 309 444 5486 7567 9862 584 7669 8440 7770 9807 4271 2986 5736 7556 3880 9869 207 6917 6564 8242 5097 2404 1509 4401 4457 5765 2262 7957 8471 945 8698 395 1863 9959 2116 5492 2943 968 4603 846 1080 6199 5741 604 1718 4512 5466 4999 1686 2500 4360 3386 6200 2138 34 3380 8368 6758 7055 9995 7064 3354 1048 4800 1607 1872 8232 716 767 8428 6674 474 1239 3077 3143 2562 6433 4068 4459 3390 7462 6919 1202 6011 413 3044 5538 5431 240 423 2889 9919 8251 1646 8234 2459 166 6587 7494 3277 7192 6257 319 2845 9837 5580 6254 1469 8431 168 4018 6572 8373 7691 9864 4545 3583 4659 454 9233 5170 9194 2949 2099 4830 5822 6350 599 7287 5639 487 6985 6818 8974 8905 7785 4057 6777 4513 5461 5842 7397 657 6024 8209 7283 238 4460 3622 4353 3766 6952 533 736 9871 3398 1753 1614 5445 3123 3161 2393 3184 1837 1763 8717 3868 9842 2051 307 7390 9223 222 6022 6058 4452 5943 1352 4214 5836 7792 6262 1105 1685 7715 999 5874 1836 3383 5005 9022 7777 8353 9170 3340 3122 949 1734 6600 3267 7833 2902 8472 1601 438 640 8690 7381 9632 3047 2406 1748 6984 8306 3305 7462 8311 9671 923 6554 9768 5197 6836 9864 7775 1492 2742 6285 5165 8895 3260 6947 5111 4032 5229 8937 4173 5110 4205 5051 624 9480 511 7443 1401 5749 6740 202 5695 7728 919 4315 9338 4542 197 2805 1626 STOP
8052 4407 8413 1402 4878 8238 7670 4936 9681 3153 9326 6807 2036 5190 6845 6543 9822 6329 734 8155 1810 5070 3307 99 4222 3232 6010 2107 5945 4699 8033 6405 313 5983 9639 5314 1299 9965 4761 349 6685 4998 2115 9491 9274 1580 9903 3143 5764 9265 2691 6089 5071 5194 313 8829 831 9329 6465 6459 3671 8593 7351 215 9550 9345 1015 7525 9470 4726 4062 9822 2846 9337 9704 7615 1125 3975 9721 8920 5153 2567 3911 8285 3781 7611 9108 5055 2893 4059 7644 6152 137 5033 1329 3949 4638 3426 6167 2776 7194 9553 5931 7177 1226 9463 990 5325 4808 8933 411 7124 3396 8806 6627 2032 4115 6820 3280 5959 8052 6331 6425 4620 3024 5305 2067 4449 3448 1762 3485 1263 5532 8089 3334 8752 2741 3132 5164 5425 5654 8105 8530 2862 508 9769 4365 5155 7027 1024 192 7662 7844 1730 5340 7558 36 4493 3853 8810 2239 8136 5218 248 5735 9911 2916 5852 6384 7619 6502 486 6334 4332 804 7687 747 6782 2835 8065 9453 9841 5960 9338 2186 3432 9969 8997 9767 1221 8425 1748 606 9472 6871 1035 3184 3383 5453 6757 3764 840 5354 1052 5599 2228 8472 2987 8211 9754 4408 4502 2603 3951 8085 5397 4457 5870 8661 1786 3939 488 6024 7646 8434 2698 6167 7249 1098 596 9171 9512 1651 7522 2283 9227 9230 1628 6565 2953 3969 9948 6646 9648 2745 4813 283 805 9822 234 1555 6633 2860 842 6337 4568 4548 2418 6877 4797 907 6484 9358 8182 6470 5568 9787 705 5431 2549 476 893 2485 9078 6390 4379 2391 1141 5439 509 8306 6998 811 9102 9291 2697 9622 798 5577 542 1837 8110 8793 4336 7545 9932 1148 2767 5899 2391 8341 4226 5093 8403 8551 1283 6908 4153 405 5794 8489 7002 1591 889 2495 6079 2846 9823 4064 8668 2664 5059 3072 6909 7140 5680 5812 1068 7422 7679 2211 1208 9549 6693 2112 6315 3768 9015 8051 4067 5055 1527 9435 6317 5217 9181 2268 8804 4694 278 9732 7141 1203 9207 5102 5143 9953 6893 183 3689 4716 1874 2896 5681 7037 9605 3839 167 8086 7791 618 4637 6743 5453 7749 9024 3143 5617 8082 9184 8802 921 1806 3875 972 5001 1011 4616 2414 6754 140 8242 8399 6060 5160 9608 6670 905 1426 5432 9478 8055 9569 1624 7025 9198 95 6164 1965 300 9259 5439 9853 1408 494 3450 4784 5300 8135 9542 6146 9732 3306 3194 754 8350 9482 4969 8818 17 6785 5866 1697 4649 7200 9609 7913 8757 900 680 6518 5998 4117 5920 6105 2388 8397 391 3002 298 6475 5726 288 1111 5931 4737 9799 4816 1979 6758 6119 2581 8979 2562 5147 3952 961 2115 876 2785 7466 939 5943 346 7982 339 4674 5145 8840 1595 9938 8589 3049 8782 568 1336 2197 9852 4747 3742 780 4313 7417 9431 2173 7828 7425 2432 4047 1127 6256 6410 3362 2460 6610 7620 16 7423 9633 1372 1377 726 9757 6452 3867 9351 9366 7477 2569 4653 7391 3261 1277 4865 5827 3439 7546 209 8647 7366 8810 1817 6736 4291 2111 3869 2866 899 4557 276 186 7995 4141 9230 871 3536 9754 1377 4588 2958 237 5209 1256 2254 2464 8451 9684 1825 1493 4426 5581 2297 6884 2754 9979 2641 1107 3357 8248 6609 2629 245 5458 1613 9476 6208 6823 6823 9482 4856 770 4448 820 4351 3572 7543 9417 8611 9568 8409 5078 7180 4889 1649 9629 9112 3170 4326 9008 4006 9636 9053 456 8865 9277 2062 715 1597 1733 8900 4725 3860 2318 7471 6915 5638 5076 STOP
7450 8095 5034 4200 3118 775 446 8469 4632 9915 4 7761 936 6205 8430 8092 7304 7029 1133 8039 6419 9250 6018 9263 666 2706 1684 9918 2181 6660 6413 9709 9144 1527 6106 2394 8602 9313 2556 5483 6602 4980 1526 2282 5666 7868 1251 6089 2641 7255 9119 2971 2838 5021 499 4875 3929 4841 2529 6473 4929 4410 4281 6979 5975 4576 9007 2191 3377 7071 4442 5512 8891 8655 9395 4526 471 5740 8583 5916 5005 3658 9722 5233 5908 4982 4034 4201 2032 6635 3817 9599 7350 7343 3500 7483 8684 9689 77 7126 503 8202 2466 400 4101 8917 8878 2876 6362 5386 1409 7247 4025 8949 3137 3403 5558 1453 9431 5250 4169 351 9545 66 3734 659 3633 2999 8597 8541 3112 7322 3456 1876 8623 1275 7070 1605 1291 4230 5758 5890 9614 7993 9940 9853 3154 6659 8394 1966 2260 1606 2881 3303 5331 5295 3083 1221 3345 2736 8649 1184 3661 2171 1859 8105 2665 5780 8004 7668 5305 1575 1646 5305 6725 9110 7238 3635 3576 738 8305 3216 9015 7538 7206 7153 7428 899 7982 856 411 1014 3379 1138 4237 5716 5940 3162 6435 7473 6571 8017 8666 8877 743 2816 331 9326 936 8878 162 5333 2900 6230 5285 3715 9205 6298 7274 5593 3859 9186 2008 3792 8901 398 6149 8264 3748 8694 2245 1387 974 6486 8859 5197 9819 177 2763 4879 1520 8511 1353 6090 6193 3436 9981 9692 9524 9200 7713 6683 6062 3569 6674 4744 4834 1902 6418 4679 5042 1653 76 7646 4713 9400 1064 2227 1195 2726 8184 9912 4454 4398 4699 9143 2284 1289 7096 4722 2743 8520 3020 7208 8487 8585 6426 3327 6655 8694 9656 2140 3989 3104 2558 6516 3149 8940 9604 2166 6681 6141 9335 9741 5993 9887 3452 6515 5987 6478 2226 8485 603 4776 3261 1567 1689 7660 9891 1158 9742 416 345 6114 1049 7515 3716 2227 8841 142 2691 1278 3551 6443 2442 2473 3734 6457 3012 9616 7347 5387 7436 7746 578 482 9075 7895 3810 7254 7582 1725 2494 2181 6372 5657 2844 9908 2868 2222 9322 4655 4144 8826 8675 9032 515 3919 3401 6271 9791 2275 8441 6306 7116 6503 7659 6034 4529 4089 9990 3130 5546 4543 4688 6472 3078 7006 1186 4494 6209 6222 5548 9020 3983 7780 6925 6718 6439 2579 7561 3426 3133 243 8533 4036 61 8019 5519 7756 997 3351 454 987 4141 8050 1484 9775 8974 7436 1457 3172 9525 5126 2212 4276 7127 4616 5518 6677 4934 6014 1877 5 4648 875 6292 5608 5275 7143 9526 9406 4922 6330 98 492 9215 8538 5789 4212 6760 6973 8058 6957 8438 8097 7317 509 4199 3515 699 8743 8910 7006 1306 5099 2604 9856 4712 8916 6923 2787 3045 4551 3990 3239 9592 6721 139 3263 6447 7449 783 4338 8264 3270 178 6200 5203 4293 7004 6635 8586 894 1355 2326 2740 8754 4254 9738 5192 4027 8189 6659 8095 8586 4443 3703 5608 6460 9336 7033 7659 4151 6971 994 5930 7568 3534 7518 4418 9306 3583 4821 1980 6781 3414 7868 9033 2159 4385 2671 2495 4529 6599 3829 4026 1802 753 9292 863 1133 7346 3712 1563 7173 8255 2219 7426 4598 2656 9883 6498 3511 7364 7730 8410 4805 1992 8646 5935 17 7826 5484 343 6051 3860 4713 3547 921 5066 1171 7821 7807 1046 6125 2820 3856 3206 5169 1816 3773 4337 9222 3485 3219 2221 7741 5870 2286 3318 1460 8939 7579 4008 9875 3430 9373 3827 6986 8533 3677 7340 1873 7076 7134 9952 5970 6655 3542 3321 7491 5743 8748 4710 522 8954 3307 7509 1227 6300 5808 2702 9301 5849 3050 819 6943 5853 6914 9067 7234 3601 3770 6905 5783 7956 4641 2404 5035 4478 8378 2757 7528 2253 477 4612 8073 8866 2546 9929 441 5188 9988 9539 7649 2729 2118 8715 833 1552 8561 8006 4670 1619 1908 175 1902 6974 3738 98 7064 6329 5570 9590 2014 3820 8444 6191 1277 6449 4348 7830 9072 7245 1472 8214 8315 2560 8050 3667 3122 1829 1503 4769 180 6494 7454 2150 3396 8679 1559 8716 7859 1296 9522 7542 6542 4450 4584 4109 3066 7119 742 2567 8091 19 9733 1233 4990 5751 9112 5320 6109 8670 3050 2195 2620 3387 6570 3108 1136 3755 8242 6442 184 6265 8814 70 4922 2927 5733 7685 820 7786 7858 2812 2429 3361 758 4352 3784 9267 6764 5241 6716 4303 8149 2747 9695 5777 7366 6864 2299 6296 4241 6559 8991 951 438 5587 806 1576 5839 9801 2425 9955 STOP
8935 1236 461 3063 7663 2262 8284 8301 2566 8867 5760 4447 9819 225 185 4915 1695 5193 4806 1448 4169 8292 4285 3928 3372 7477 8499 1976 3169 2069 7557 8066 4061 6495 7018 296 1432 7163 6322 5365 1944 5371 6581 110 1621 8536 3992 139 6340 3979 5240 5748 6668 STOP
6221 8604 7269 5434 3824 6924 7631 937 3896 3001 2238 7364 4368 7719 2696 1898 616 4462 1112 4924 5952 8096 697 3568 3702 489 441 6623 9263 3379 8011 3323 3348 7353 5660 6051 178 5139 826 749 6888 5025 9416 5054 3801 729 5099 2776 3626 3332 3733 8640 2526 7763 2293 8023 9854 2587 3281 7229 3863 3126 4697 5433 8958 659 7783 2160 5195 4322 4888 2452 8290 9274 4042 9487 9768 7332 8790 2413 3724 744 7686 5601 5457 7991 4896 180 208 101 5228 5702 9644 3396 806 3161 6716 4972 7327 2601 7783 5974 5846 9276 7256 5200 2887 8188 8444 7667 763 2591 2855 4870 5370 1960 4527 8229 3123 6235 2747 7027 8774 3608 1295 852 1146 6196 8785 8644 2333 4334 9925 2099 283 6071 9806 4390 8811 3099 7032 4360 6296 1342 6842 3568 4220 3308 6337 9359 1876 4362 2624 4993 6219 4209 397 6801 3003 264 4630 9858 6568 6676 6924 8195 7397 6261 8970 459 4809 8138 5984 8506 3948 9263 9523 2644 1371 5859 8779 3936 6109 601 3158 4121 9301 8106 520 6206 6533 4125 1176 7953 8474 5884 2786 653 3451 577 8012 8291 1946 9559 2652 6393 5325 1424 6736 1080 1479 3234 6852 1673 2436 4222 5615 7419 654 5600 6604 3591 7867 7100 5152 5414 4322 4779 8571 7786 3735 3533 183 9511 5221 8705 8983 869 2054 2272 4751 8414 6217 264 1836 8664 5366 7206 9339 6910 2329 2736 4658 8387 2957 4959 9640 2061 7755 4977 5443 1067 6825 3419 7973 7675 7430 5590 4257 9110 9943 5673 5538 3681 2764 2972 1776 4463 9219 9137 2325 444 3945 3368 6664 2163 1999 9490 5625 103 3103 6224 5270 4163 5942 1992 7601 2150 9953 5998 7818 6418 9921 8730 9634 8141 2125 6125 6156 6837 3786 3217 9140 6157 2171 5077 6238 1317 8418 3630 494 4326 6428 1550 1983 9710 2919 9285 4402 8011 375 4898 9553 8703 2818 1430 6329 7622 351 5472 2227 7858 6145 796 5555 342 4990 2240 2875 6529 3579 5418 8190 6132 84 534 1596 6696 9664 4736 4792 3592 3346 6969 7814 7818 8409 4426 1794 7900 1105 7696 3476 6738 5022 3120 6761 6725 513 2283 4946 7301 3448 7617 9749 4555 1500 2814 1215 7720 8793 3415 8479 6518 4652 7698 8836 8292 2493 6904 5465 3466 1021 9210 380 7794 9537 8149 6477 5136 5652 2141 6706 2214 7055 8282 1219 1928 5956 7415 851 6843 390 9941 2091 2437 5476 7572 287 3368 82 5991 4483 3629 8430 7170 8372 4310 4052 8616 6831 540 8327 1507 2204 2248 7302 7477 506 9144 8942 1688 3247 7666 1551 4061 3224 2302 8443 5162 9726 212 2458 802 7269 6362 4785 8391 3423 2475 7718 5372 4045 4099 2050 5069 5280 7627 3689 STOP
961 1598 7610 9921 6692 2646 6206 8356 9541 3966 3337 1944 4610 5922 7097 8447 5894 1034 3814 9931 3651 434 9205 8697 7517 1017 7360 6287 8012 2876 5813 4871 3390 8507 4167 9662 4348 708 1065 8086 6468 1177 7691 8747 8328 6855 5806 2820 7050 99 455 6308 5955 5469 4348 7447 3702 1277 3838 9252 863 8417 3712 4654 5677 2887 6392 7490 1109 4898 9051 5380 219 913 92 8450 7275 5192 369 255 1080 6769 9967 5769 1195 7283 5140 5655 3792 8423 9229 1267 4455 8287 1067 5073 9820 4972 987 9607 6733 1522 5538 7798 48 6457 3911 5452 3276 8886 2839 5820 8796 7216 8114 1604 1068 5139 923 4524 2637 9353 9420 8937 2588 9856 9934 1431 8017 3704 5045 1810 3940 5212 6863 2267 2028 3790 4959 3100 5382 113 3655 2856 1339 7198 3946 8412 8275 793 1229 1982 4291 6072 7645 9534 8487 7574 5317 1208 6646 9860 7450 6864 6926 7274 3344 9779 9444 5256 2428 9700 8077 489 7248 859 7780 1431 7720 8300 4063 5707 6525 STOP
5931 5793 3805 1860 5407 569 7376 6421 2791 2826 626 3281 5103 1780 5465 2550 2508 4481 4432 1701 323 8567 7583 8217 3039 2438 5490 7215 3054 5902 8450 8132 4450 5199 866 5720 2664 883 5452 4859 5216 6878 2082 293 436 851 7638 4603 9491 2666 3835 8686 733 5472 1016 8469 390 4712 3190 4685 3030 393 7674 1420 7673 4528 8243 5952 3237 3441 5398 2344 4973 3624 9927 2630 6693 1667 4586 8040 2083 6047 5595 2793 4979 1467 7104 3360 2260 334 6538 4975 5047 1539 6713 9857 5537 5653 9893 7736 475 2479 9448 7303 5131 5570 4010 4774 7311 5843 6677 2214 8613 1530 4393 1824 2322 3069 7156 7519 2716 7828 3765 5426 5097 5579 6564 4241 570 1203 5586 356 5184 6204 7557 8143 5436 8380 7013 6808 973 2441 1566 9188 2679 2327 392 1579 9984 2214 3392 4557 8314 1502 9582 6243 1148 8704 156 1742 9889 4469 6718 898 6207 4523 9180 6481 5997 5600 1145 2079 7816 9943 5235 8985 8570 4130 9830 6929 4374 7678 7370 881 9477 4424 4699 2109 6882 28 7679 9123 633 2207 629 5047 536 8262 2158 17 1219 7421 6827 4382 7845 3085 6707 6619 999 2569 4776 4681 918 6440 3144 2082 7387 9556 5894 9960 3512 2456 2439 9139 7867 2425 2320 240 3850 269 3631 3188 1992 8412 6720 5988 2273 8057 5788 5223 8083 8160 3293 3936 4538 9600 4645 6005 9527 7876 2471 8596 3098 4111 1612 8233 5223 4277 5790 3659 7339 6229 4437 8024 5197 250 7035 7366 8767 9638 758 8358 753 9844 8793 9514 6333 2646 STOP
1631 8386 6383 9006 6775 4643 4325 3880 6358 9079 5745 3807 7459 3158 4260 7312 265 9103 8386 9761 2542 7425 9950 6258 6612 1566 5824 2368 3579 1218 3692 8299 762 3394 9392 4640 4449 7119 4648 6074 2673 8816 8608 5083 8428 5021 8512 7670 5355 2786 3001 5650 773 8862 725 2171 8591 404 3751 5410 3528 2439 7125 1275 5251 817 5684 2053 3291 8203 5576 109 9218 164 1420 1959 3953 5542 6067 8077 4650 1724 6892 6964 613 6023 2950 7415 1367 2843 1623 5380 3590 9586 45 435 4027 1931 5392 6960 5438 8440 468 9235 7891 9532 1326 7333 9402 4526 4175 6090 9426 9274 5354 3632 2102 3657 8515 2992 9922 2984 5643 1346 3395 76 6052 8492 3705 7573 8431 5165 2351 13 3334 5927 517 9727 4666 629 991 7202 2594 864 7946 29 8195 4727 3319 8560 2806 1072 STOP
3773 1307 2231 6358 9471 7392 5826 1270 3314 4034 9596 1151 1945 7809 2735 9754 2182 2786 4779 6079 939 2383 6783 6557 6291 6727 9532 4510 1616 2533 5094 8413 4080 3795 1391 9088 5580 317 5784 1448 2196 8873 8317 6568 1575 7552 108 7350 3859 7841 2157 9807 1423 2356 914 817 5059 7977 8286 6014 4784 586 2129 4673 1666 4828 5680 2048 6268 4278 6714 6044 1405 7864 4393 2414 4935 4662 3615 8881 7245 9541 8802 9149 1248 2078 7373 9842 3929 6487 724 5881 5398 7154 7636 8456 3911 3413 6553 8087 9601 7386 8130 1282 9831 3782 7478 2311 851 4209 5845 6184 7854 4884 7144 8190 3902 8483 8416 233 9762 1751 9784 5247 5159 9288 2431 9624 4020 4610 854 5555 9697 5146 3304 7980 8359 4702 3611 4845 9657 7246 36 8110 2179 2290 1343 154 2423 5059 8627 5992 5152 8197 5293 5935 457 3032 5367 3473 4145 7213 3935 5671 6257 6485 7374 7996 9711 7380 13 9064 1966 4256 9101 4942 2533 3660 4280 5126 6975 3942 9807 5235 1464 9492 1551 9131 870 1779 5740 5253 6174 2861 3905 4477 1518 8854 5025 5545 8248 1272 9861 4433 8569 4595 1023 8875 1126 5134 2397 9655 9804 7915 3463 3287 7595 2816 8989 4584 3795 2347 17 2535 6890 9104 5636 7320 8712 1821 4916 2231 9184 7567 1136 4937 9172 226 2598 2529 6355 2571 310 4368 6537 3837 990 1267 6980 6002 2852 5124 1805 3977 3701 8612 1959 5579 6359 1727 1909 1231 5512 9118 8080 4587 844 7778 2258 3824 2879 3293 7397 3001 3197 6865 210 1748 189 2619 7242 5418 7895 1757 8550 4556 5287 7545 1194 8763 2288 8494 600 7007 2402 2959 7083 2022 3913 2342 9356 2196 1949 6480 6578 4422 2933 6244 6094 4916 7129 7970 5628 5575 848 5818 3034 3129 379 7531 5445 1284 7206 7286 1887 1996 9647 923 44 7604 1469 4935 208 669 5273 3524 1479 6272 7711 9261 257 6121 5346 9858 8731 7718 597 6065 9607 8011 1286 4487 3884 3413 8726 4925 6017 3693 4640 7603 7949 4061 9941 7628 7680 1839 1747 5973 1989 9 6989 8766 4453 2908 6450 4598 2809 1999 8570 3440 6061 5565 336 5744 4943 9555 7166 947 1171 5412 5521 1558 8937 212 638 8424 2094 2507 430 9671 1295 6681 8640 3535 9618 5209 6303 85 4068 8462 854 3625 3904 7611 3680 8802 4653 8843 4936 2462 8386 838 5848 6175 2048 5454 8959 3884 8145 9418 3114 703 3649 5781 9354 4854 504 7369 4399 296 875 3294 1123 6767 8939 2341 7254 8948 4225 3429 1323 3679 4136 3535 9559 6449 8509 7231 3826 5 9399 9887 949 7452 8285 1467 8763 5375 6383 1838 8971 2717 1565 6326 9935 1733 3707 3140 7742 8836 2822 2334 7578 4012 8781 2508 7901 2902 940 STOP
