double 10 1.24 1.96 1.3 1.03 1.22 0.66 1.49 0.24 0.01 0.53
bool 11 1 1 0 1 1 0 1 0 1 0 0
int 11 6 16 9 16 17 8 20 15 12 17 2
bool 12 1 0 1 0 1 0 0 0 0 0 0 1
bool 13 1 1 0 0 0 1 1 0 1 0 1 0 1
int 14 15 8 1 15 1 17 16 4 9 6 12 13 5 17
bool 16 0 0 0 0 0 0 1 0 1 0 1 1 0 1 0 0
bool 17 0 1 0 0 0 0 0 0 1 1 0 0 1 1 0 1 0
bool 20 0 0 1 1 1 1 1 0 0 0 1 1 0 1 1 1 1 1 0 1
char 21 k p j o d o o o o d p r r h c o m t t d r
double 22 1.57 1.16 1.82 1.42 1.62 0.08 0.4 1.05 1.7 0.06 0.01 1.19 0.2 1.62 1.17 1.35 1.52 0.94 0.35 0.1 0.31 1.63
double 23 1.14 0.89 1.35 0.59 0.38 0.94 0.6 1.27 1.43 0.42 0.55 1.21 1.11 1.8 0.12 0.09 0.9 0.83 1.45 0.38 0.34 1.38 1.64
bool 24 0 0 0 0 0 0 1 0 1 0 0 0 1 0 1 0 1 1 0 0 0 1 1 1
char 25 e n e h p t n g f l s j k j h m o e k n l i e s i
int 25 20 13 15 11 7 3 3 2 1 15 8 14 18 2 6 9 15 13 9 6 19 3 11 20 11
bool 26 0 1 1 1 0 0 0 1 0 0 1 0 1 1 1 0 1 0 0 1 0 0 1 1 1 0
char 27 f d g p k c p d f m j a n r q d n g m q c s l g o j c
bool 27 0 0 1 0 0 1 0 0 0 1 1 0 1 1 0 0 0 0 0 0 1 0 0 0 0 1 1
bool 28 1 1 1 1 1 1 1 1 1 1 0 1 0 0 1 0 1 0 0 1 1 1 0 1 0 0 0 1
double 28 0.42 1.85 1.71 1.49 0.54 1.68 0.6 1.96 1.59 0.73 0.98 0.85 1.48 0.19 1.67 1.04 1.33 0.29 1.9 0.94 1.66 0.31 0.11 0.69 1.58 1.99 1.57 1.45
bool 30 1 0 0 1 0 0 1 1 1 0 1 0 1 0 1 1 0 1 0 1 1 1 0 1 1 1 0 1 0 0
bool 32 0 1 1 1 0 1 1 1 0 0 0 0 1 0 1 1 1 1 1 0 0 1 0 0 0 1 0 1 1 1 1 0
char 32 n d c b r l m e p l n t r t t j a p p n o f c i b h h d e k s k
bool 32 1 0 1 1 0 0 0 0 0 0 1 1 0 1 0 0 0 1 1 1 1 1 1 0 0 0 1 1 0 0 1 1
char 33 r n h a f f q o l i g k n e b d t k r k a l f l g c d e g l l f e
double 34 0.69 1.4 0.12 1.59 1.67 0.23 1.25 0.34 0.19 0.67 1.45 1.1 0.2 1.3 0.36 1.33 1.46 1.7 1.6 1.59 0.43 1.71 1.21 0.97 1.1 1.01 1.43 1.85 1.53 0.53 1.81 1.63 0.21 0.2
bool 37 1 1 1 1 1 1 1 0 1 0 0 0 0 1 0 0 1 1 0 0 0 1 0 1 1 0 1 1 0 1 1 0 0 1 0 1 0
double 37 0.66 0.71 0.89 0.32 0.76 0.19 0.08 0.53 0.16 1.67 0.25 1.66 1.84 1.27 0.33 1.1 0.94 1.65 0.73 0.46 1.79 1.41 0.93 1.86 0.99 1.63 0.93 1.02 0.04 0.59 1.47 1.08 0.5 1.4 1.04 1.07 1.48
double 40 1.8 0.81 0.33 1.02 0.49 1 1.19 1.37 1.35 1.99 1.79 1.42 1.69 0.32 1.12 1.06 1.48 0.51 1.64 1.73 0.84 0.96 0.86 1.27 1.44 1.24 0.14 0.67 1.99 0.68 1.35 1.94 0.06 0.91 0.2 0.1 1.88 1.6 0.93 1.57
int 42 13 6 12 7 9 17 9 20 5 3 10 1 14 4 14 19 10 3 14 13 3 1 3 14 1 1 5 7 17 9 6 18 6 11 6 16 9 5 18 11 19 7
char 43 r p k n g p c c f q c t b b i c t j o g r c s g t s g q t q g e q b s j b h n h g p m
int 43 3 14 11 7 12 18 18 2 10 3 1 6 20 17 16 5 12 6 15 2 2 11 15 16 5 18 19 19 13 17 20 4 18 5 6 17 17 4 5 2 6 10 20
bool 43 1 1 0 1 1 1 0 1 0 0 0 1 1 0 0 1 0 0 1 0 1 0 0 0 0 0 1 1 0 0 0 0 0 0 1 0 0 0 0 0 1 1 1
int 44 13 6 19 14 12 16 18 6 1 3 11 1 2 4 3 11 17 12 17 6 15 7 1 1 11 13 10 18 18 17 13 3 2 13 15 2 5 16 9 15 15 14 19 8
int 44 16 11 6 11 1 13 20 4 10 8 19 6 11 3 12 3 1 13 3 8 1 10 9 12 1 9 6 20 13 9 12 13 15 15 5 10 7 6 15 19 1 1 15 12
char 46 n j j r b h i b a h m s t e e l n l t o j l f a m b i a t a s q d d q f j m a s t f n g g l
int 47 4 12 6 10 12 10 2 11 14 8 6 1 2 2 2 20 15 7 18 20 1 11 15 16 12 5 11 1 5 19 12 2 18 10 2 2 7 8 13 20 6 10 1 11 11 3 8
bool 47 1 1 0 1 1 0 0 1 0 1 1 1 1 1 1 1 1 0 0 0 0 0 1 0 0 0 1 0 1 1 0 1 1 0 0 1 0 1 1 1 0 0 0 0 0 0 0
double 48 0.64 0.49 1.75 0.97 1.47 0.87 1.53 0.02 0.99 1.59 0.26 1.86 1.88 0.18 1.34 0.41 1.19 0.41 1.9 1.11 1.72 1.58 1.32 1.92 0.5 0.02 0.81 0.19 1.96 0.4 0.6 1.82 0.28 0.66 0.4 0.98 0.46 1.15 0.15 1.56 1.28 0.02 0.84 0.71 1.78 0.64 1.37 1.73
bool 48 1 0 1 1 1 0 1 0 0 0 1 0 0 1 1 0 0 1 1 1 1 0 1 1 0 1 0 0 1 0 0 1 0 0 0 1 1 0 0 1 1 1 1 0 0 0 0 0
int 49 9 20 1 16 3 12 14 1 10 19 6 19 12 10 1 3 10 8 10 17 5 13 10 12 8 4 20 4 9 9 19 17 1 14 17 19 13 8 4 9 11 18 12 8 20 18 20 7 9
double 49 0.96 0.77 1.31 1.94 1.03 1.85 0.63 1.48 0.78 0.73 0.06 1.98 0.38 1.73 1.89 0.34 1.32 0.81 0.75 1.27 1.34 1.81 0.28 1.71 1.57 0.09 1.28 0.94 0.03 0.73 0.76 0.09 0.34 0.31 1.21 0.99 0.61 1.49 0.9 1.21 0.56 1.97 0.08 1.77 0.37 0.71 0.92 0.32 1.93
bool 49 1 1 0 0 0 0 1 0 0 1 0 1 0 1 0 1 0 0 0 0 0 1 1 0 1 0 0 1 0 0 1 1 1 0 1 0 0 0 0 0 0 0 0 1 0 0 0 0 0
double 51 1.93 0.94 0.02 0.22 0.35 1.54 1.06 1.89 1.62 1.62 1.77 1.73 0.1 0.56 0.95 1.47 0.97 1.15 1.87 1.93 0.47 1.46 1.24 1.99 1.11 1.12 0.54 1.89 1.59 0.54 1.11 0.41 0.08 1.76 1.22 1.32 1.85 0.74 1.49 0.12 1.23 0.41 1.61 0.54 0.02 0.21 0.55 1.3 0.91 1.93 1.94
bool 53 0 1 1 1 0 1 1 1 0 1 0 0 1 0 1 1 0 0 0 1 0 1 1 1 0 0 1 0 0 1 1 1 1 1 1 1 0 0 0 0 1 0 0 1 1 1 1 0 0 1 1 0 0
bool 55 1 1 1 1 0 1 1 0 0 0 0 0 1 1 0 1 1 0 1 1 1 1 1 0 0 0 0 1 0 1 1 0 0 0 1 0 0 0 1 1 0 1 0 0 1 1 1 1 1 1 1 1 0 0 1
char 56 q h f q a o g c i s i o r s a s n q n d e o q p h o c e d o t t g s o r j s m a k f f c p s a a b g t c e j o h
bool 56 1 1 0 1 0 0 0 1 1 1 0 1 1 1 0 0 1 0 0 0 0 1 1 1 1 1 1 1 0 0 1 0 1 1 0 0 1 0 1 0 1 0 1 0 1 0 1 1 1 0 0 0 0 1 1 0
bool 58 0 0 1 0 1 1 1 0 0 1 1 1 0 1 1 0 0 1 1 0 1 0 0 0 0 1 1 0 0 0 0 0 0 0 1 1 1 1 0 0 0 1 0 0 0 1 1 1 1 0 0 0 1 0 0 1 0 0
bool 58 0 0 0 0 1 1 1 0 1 0 0 1 0 0 1 1 1 0 1 0 1 1 0 1 1 1 1 0 0 1 1 0 0 1 0 1 0 1 1 0 1 1 0 0 0 1 0 0 0 1 0 0 1 0 0 0 1 0
char 60 l f m e m b f t f o o j m d s l q q t f b g h c o c i c t p g q c g r f a a q r e j f c s r o o i i e b k j c o f l d b
bool 61 0 0 1 0 0 0 1 1 1 1 0 0 0 1 0 0 1 0 1 0 1 1 0 0 0 1 0 1 0 0 0 1 1 1 1 1 1 1 1 0 0 0 0 1 1 0 1 1 0 1 0 1 0 1 0 1 0 0 1 0 0
int 61 1 17 10 2 6 19 12 17 5 7 7 7 2 17 16 4 15 15 3 10 15 3 19 6 4 14 15 16 4 16 2 19 10 4 15 15 12 3 12 10 19 17 3 3 11 16 9 5 13 15 15 10 3 6 17 4 1 6 9 15 1
int 62 11 7 7 11 12 12 7 3 3 4 8 2 14 15 7 16 20 9 14 2 20 5 20 14 16 13 18 16 8 4 4 14 1 18 9 8 17 19 7 18 3 17 15 13 17 16 20 1 11 6 14 7 14 14 16 1 5 11 17 18 3 17
double 62 0.7 1.09 1.18 0.26 0.58 1.08 1.99 0.89 1.11 1.42 0.32 1.74 0.4 0.72 1.46 0.28 0.47 0.56 0.16 1.81 1.54 1.64 1.78 0.11 1.79 1.99 0.22 0.95 1.1 1.29 1.93 0.31 0.59 0.23 1.72 1.68 0.7 0.65 0.75 1.67 1.83 0.04 1.28 0.55 0.83 0.2 0.65 0.84 1.46 1.33 1.77 0.97 1.03 0.98 0.58 0.99 1.54 1.61 1.46 1.38 0.14 0.21
bool 64 0 0 0 0 0 1 1 0 0 0 0 0 1 1 0 1 0 0 0 0 1 0 1 0 1 0 0 1 1 1 1 1 0 1 0 0 0 1 0 0 1 0 1 0 0 0 1 1 1 1 0 1 0 0 1 1 1 1 0 0 1 1 0 1
bool 67 0 1 0 1 0 0 0 0 0 0 0 0 1 0 1 0 1 0 0 1 0 0 1 0 0 0 0 1 1 0 1 0 0 0 1 1 1 0 0 1 0 1 0 1 1 1 1 1 0 1 0 1 1 0 1 1 0 0 0 0 1 1 1 0 1 1 0
bool 68 1 0 1 0 1 1 0 1 1 1 0 1 0 1 1 0 1 0 1 1 0 0 0 1 0 0 1 0 0 0 1 1 0 1 1 0 1 1 1 1 1 1 1 1 1 1 0 1 0 0 1 1 0 0 0 0 1 1 1 1 0 0 1 0 0 0 1 1
bool 68 1 1 0 0 1 0 0 0 1 1 1 0 1 1 0 0 1 0 1 0 1 0 0 0 0 0 0 1 0 0 0 0 0 1 1 0 0 0 0 0 0 0 1 0 0 1 1 0 1 0 0 1 1 0 0 0 1 1 1 0 1 0 1 1 0 0 0 0
char 69 h t j t e a q g c k g p t c b r o h m f q m h k h n h t l q m f h j r t m m s s f g s m k n r o n p e r p r e a f e b c e q s q j o s q b
double 70 0.76 0.52 0.45 1.59 0.61 0.56 1.51 0.36 0.19 0.8 1.83 0.42 1.91 0.01 1.73 0.14 0.91 0.28 1.05 0.5 0.9 1.7 0.78 1.23 1.15 1.08 0.73 1.1 0.34 1.04 1.91 0.8 1.78 1.24 1.57 1.02 0.02 0.46 1.93 0.39 1.5 1.77 1.47 1.97 1.9 0.43 1.6 0.42 1.56 0.07 1.45 0.66 1.64 1.17 1.36 0.04 1.45 0.37 1.21 0.9 1.94 0.04 0.46 0.36 0.33 0.05 1.68 1.53 1.75 1.45
bool 70 0 1 0 1 1 1 1 1 0 0 1 1 1 0 1 0 1 1 0 1 0 1 1 1 0 0 0 0 1 1 1 1 1 1 0 1 0 1 0 1 1 0 1 1 0 0 0 0 1 1 1 1 1 1 1 0 1 1 0 0 1 0 1 1 0 0 1 0 1 0
char 77 f m i l e c t n t g g q m d h d i a n j k t k a s d o n t q j d r e g n k k l l m m q c f p f j t l s f k p j j b b q c e t g p i f s f f e d c j m q r b
char 77 l a n b l m d n d j s r r a g h n b i h t t m c e t q s s i t r a o q a o p h t a h o h h e q f a g r h s n o r d s o k c c r i j a g s e b f n d g b t t
bool 78 1 0 1 1 0 1 0 0 1 0 1 0 1 1 1 0 0 1 0 1 1 0 0 1 1 0 1 1 1 0 1 1 0 1 0 0 1 1 1 0 0 0 1 0 0 0 0 1 1 0 0 0 1 0 1 1 1 1 0 1 0 0 1 0 1 1 1 0 0 1 0 1 0 0 0 0 1 0
double 78 0.13 1.49 0.38 1.84 0.33 1.54 0.72 1.86 1.22 0.41 1.03 0.14 1.68 1.15 0.59 1.24 0.98 1.81 1.36 1.68 0.21 1.1 0.81 1.2 1.42 0.19 0.76 0.72 0.07 0.07 0.19 1.81 0.18 1.21 1.29 1.43 1.04 0.28 1.44 0.02 0.28 1.89 1.42 1.6 0.12 0.08 1.98 1.28 0.17 1.92 0.63 0.37 0.85 1.08 0.74 0.73 1.16 1.29 0.81 0.29 1.81 0.3 0.75 0.78 0.75 1.37 1.96 1.51 1.07 1.17 0.1 1.6 1.46 0.1 0.07 1.19 1.04 1.32
double 79 0.55 0.8 1 0.94 0.04 1.45 0.91 0.9 0.22 0.42 1.35 0.99 1.56 1.72 0.68 1.94 1.98 0.2 0.39 1.06 1.26 0.89 0.31 1.84 0.91 1.05 0.69 1.19 0.7 0.54 1.72 0.01 0.6 1.39 1.98 1.38 0.55 1.12 0 1.19 1.93 1.2 0.64 0.23 0.53 1.75 0.12 1.16 1.64 0.07 0.47 1.24 0.53 1.58 1.22 1.14 1.99 0.72 1.11 0.34 1.64 1.96 0.72 0.15 0.96 0.79 1.26 1.25 1.79 1.59 0.89 0.53 1.63 1.26 0.76 0.73 0.49 1.85 0.91
char 80 c r d d o q c t a a c d h f m h n e s q c c m i m t c r n q h i a g q q b k h p k d i k r j c i q b b c l m l t s s m d c t g i o f k b f r b n p h g g r q c f
bool 83 0 1 0 1 1 1 0 1 0 1 0 0 1 1 0 1 1 0 1 0 1 0 1 0 1 0 1 0 0 1 0 1 0 0 0 1 1 0 1 0 0 1 1 0 1 1 0 0 0 0 1 1 1 0 1 1 0 1 0 0 0 1 1 0 0 0 1 1 1 0 1 0 1 0 0 0 1 1 0 0 0 0 0
double 85 0.36 0.24 0.16 0.08 1.71 0.51 0.14 1.51 0.75 0.02 1.23 0.86 1.08 1.64 1.84 1.54 0.98 1.62 0.89 0.98 1.34 1.61 1.17 0.47 0.46 0.28 1.43 1.54 0.06 1.49 0.53 1.33 1.71 0.25 0.3 0.69 0.45 1.02 1.45 1.42 1.92 0.39 1.62 1.04 0.91 1.11 0.66 1.62 1.53 1.61 0.04 1.79 0.71 1.9 1.39 0.39 1.06 0.46 0.89 0.13 0.14 1.87 1.43 0.72 0.49 1.23 0.57 1.39 0.97 1.25 1.41 0.03 1.07 0.76 0.27 1.92 1.54 0.63 1.56 1.18 1.98 1.57 1.8 0.92 0.73
double 85 1.77 1.4 1.39 0.23 0.91 0.54 1.55 1.02 0.59 0.2 1.49 1.31 0.63 1.55 1.65 1.35 0.96 0.92 1.34 1.33 0.71 1.26 0.93 0.66 1.25 1.37 1.96 0.35 1.54 0.9 0.11 1.96 1.94 1.43 1.05 0.43 1.17 1.93 1.39 0.47 1.89 0.47 1.41 1.6 0.19 0.43 1.15 0.49 1.95 1.88 0.76 0.92 0.32 1.32 1.08 0.12 1.85 1.9 1.1 1.44 1.87 0.24 0.06 0.88 1.85 0.99 1.11 1.35 1.19 0.37 0.21 0.61 0.68 0.08 0.05 1.91 1.87 0.69 0.96 0.14 1.33 0.72 0.16 0.78 1.06
int 85 3 6 8 4 19 11 6 19 16 19 10 7 2 12 9 16 3 18 14 3 15 16 12 11 9 20 3 5 3 15 19 3 13 20 17 13 15 18 12 13 7 16 16 8 18 14 16 14 15 14 20 3 2 4 9 3 18 8 14 4 16 2 15 16 3 12 2 6 6 9 14 11 11 8 13 5 10 11 11 10 20 2 8 7 19
double 85 0.67 1.43 0.4 0.63 0.76 0.83 0.02 1.55 0.73 0.11 0.46 1.8 0.55 1.06 1.07 0.34 1.37 1.75 1.72 0.01 0.69 0.2 0.17 1.59 0.3 1.74 1 0.76 1.11 1.63 0.23 0.14 0.21 1.17 1.69 1.17 0.67 1.36 0.44 1.37 0.01 0.98 1.75 1.26 1.22 0.7 0.66 0.92 1.92 0.14 0.31 1.85 0.45 1.63 1.53 1.26 1.63 0.45 1.87 1.33 1.19 1.5 0.42 1.6 1.13 0.68 0.64 1.59 0.58 1.06 0.48 1.56 0.98 0.14 0.63 0.05 0.3 1.3 0.3 0.65 0.16 0.85 0.2 1.06 0.44
char 86 j g p d m s t r p f b p p m l l f k p g c q l n b j s n p o m j o p m h g s q f t h n h n t r e c g q d q r d l r k k e t g a p h d i b h m b j m l h k f i b d j o p c b a
char 86 o f e a g o r k o m p s r f o r i s b s p g n s c a s l m o p c e e i e h d e r n c i p b h i t p d l q s g k m p h n m b t j r g p g q g g k a b m b n k t t l f j o e l t
double 87 1.78 1.12 1.26 1.95 1.88 1.24 0.52 1.9 0.23 0.83 1.09 0.92 0.54 0.16 1.9 0.54 0.62 0.16 1.87 1.95 1.63 0.61 0.57 0.21 1.12 0.68 1.4 1.8 1.67 1.64 1.42 0.38 1.81 0.32 1.44 0.49 0.14 0.65 1.94 0.68 1.67 0.02 1.48 1.78 1.63 0.8 1.66 0.25 0.18 0.75 0.07 0.65 0.89 1.55 1.54 0.93 1.4 0.16 1.65 1.2 0.48 0.06 1.84 1.77 1.89 0.76 0.91 0.8 1.49 1.65 0.68 0.41 0.12 1.32 0.11 0.01 0.37 1.1 0.76 0.48 1.38 0.04 0.77 0.07 1.02 0.06 1.24
double 88 0.49 0.73 0.38 1.88 0.22 0.75 1.59 0.25 1.02 0.02 0.06 1.94 1.08 0.56 0.79 0.66 0.01 1.23 1.28 1.76 0.34 0.77 0.95 1.36 0.46 1.72 1.65 0.12 1.91 1.21 1.63 1.13 1.3 1.27 0.19 0.99 1.16 1.48 0.3 0.04 0.75 1.48 1.13 1.19 1.99 0.5 0.18 1.75 0.83 0.93 0.25 0.9 0.99 1.04 1.44 0.37 1.4 0.49 0.22 0.41 0.86 1.02 0.31 0.41 0 1.06 1.28 0.14 0.69 1.42 0.7 1.62 0.4 1.14 0.64 0.18 1.56 1.55 0.39 0.31 0.78 0.05 1.22 1.44 1.87 1.09 0.07 1.43
double 88 0.08 1.68 1.34 0.04 0.72 1.63 0.67 1.27 0.06 1.59 0.43 1.65 1.38 0.49 0.64 1.68 0.06 1.65 1.55 0.74 1.74 0.69 0.08 1.86 0.98 1.13 1.5 1.67 0.75 0.73 1.22 0.17 0.74 0.06 0.93 0.1 1.51 0.22 0.74 1.09 1.84 0.7 0.77 0.25 1.31 1.27 1.8 0.6 1.75 1.64 0.49 1.57 1.63 1.37 0.89 1.23 0.54 0.38 0.01 0.64 0.68 1.84 1.51 1.62 1.45 1.48 1.87 1.52 1.72 1.89 0.59 1.61 0.71 0 0.66 1.59 1.09 0.54 1.61 1.14 0.51 0.2 1.85 0.72 1.17 1.12 1.75 1.64
bool 91 1 1 0 0 1 0 1 1 1 0 1 1 0 1 0 0 0 1 1 1 0 1 1 0 1 1 1 1 1 0 0 1 1 1 1 0 1 0 0 0 1 0 0 0 1 0 1 1 1 0 0 0 1 1 0 1 0 1 0 0 1 0 0 0 0 0 0 0 0 0 1 1 0 0 0 1 1 0 1 1 1 0 1 0 0 1 0 1 0 1 0
bool 91 1 0 0 0 1 1 0 0 1 1 1 0 0 1 0 0 0 0 1 0 1 0 0 0 0 1 1 1 1 1 0 0 1 1 1 1 0 1 0 1 1 0 0 0 1 1 1 0 0 1 1 1 1 1 0 0 0 0 0 1 1 1 0 0 1 1 1 0 0 0 1 0 0 0 1 1 0 0 0 1 0 1 0 0 1 1 1 0 1 0 1
char 92 d r h b d e j m s a t k t m p h p a p d d j g d n k r m b i r b h r m g t p l c t f c a e i k o l e r c m e s f p h j a j e r q k m c a m c c d t i p g e c n g k k h d e r j p k n j k
int 93 7 12 4 13 13 15 11 6 5 19 15 17 12 11 10 14 3 10 20 2 15 11 2 14 14 4 10 10 10 17 9 3 2 18 1 10 10 16 10 9 6 1 4 18 20 15 15 13 20 14 3 8 1 15 12 2 7 19 20 8 17 13 9 20 5 16 18 2 19 5 12 9 11 7 18 18 2 20 6 2 16 6 9 16 14 18 20 13 20 19 3 8 7
bool 94 0 1 0 0 0 0 1 1 1 1 1 0 0 0 1 1 0 0 1 1 1 0 0 1 1 0 1 0 1 1 0 1 1 1 0 1 1 1 1 0 1 1 1 1 1 0 1 1 0 0 0 1 0 0 0 1 0 0 1 1 1 1 1 0 0 1 1 0 1 0 0 1 0 0 1 1 0 1 0 1 1 1 1 1 1 0 1 0 0 1 1 1 0 1
char 95 i o o m s c e j l q f t n n i i r t i m o k m j a a o o q r a m h r d c r m p g l n n n t s g k d c j p t p k t a i r n q e d h j q q g a m b l s j e p g l j m f h i s g k n f p n l t f h q
char 98 n c f k f a m h b i i k g d p s b e t r f r i n k i l a s t m m g o m s b b n n p t p g e d f m o g n n q n a g f e f t b t b k q r k p e b o p d o g a a o f b q b t j h l b g s t d r f f s l f m
double 99 1.83 1.98 0.77 1.53 1.66 0.79 0.96 0.72 0.09 1.14 0.27 0.37 1.62 0.01 0 0.31 1.39 1.99 1.37 0.38 0.88 0.22 1.63 0.37 1.89 0.16 1.9 0.86 1.26 1.5 1.9 0.14 1.81 0.57 1.51 0.59 0.64 1.61 1.84 1.32 1.33 1.7 0.36 0.99 1.63 0.16 0.68 1.23 1.92 0.5 1.91 1.86 0.09 1.81 1.06 1.89 1.51 0.01 0.23 1.03 0.23 1.61 1.21 1.85 1 0.15 0.65 1.94 1.2 1.96 0.89 0.07 1.28 1.69 0.76 0.56 0.01 0.07 0.22 1.2 0.43 0.66 0.48 0.66 0.72 0.54 0.51 1.68 0.13 1.62 1.13 1.39 0.72 1.99 1.28 1.02 1.93 0 1.45
int 102 18 14 2 18 14 11 2 12 14 12 4 18 14 1 2 18 12 1 11 12 1 8 1 5 7 11 3 16 17 4 4 8 1 8 1 15 19 18 13 13 18 15 5 2 3 10 11 9 12 2 10 9 10 19 7 10 3 14 20 9 18 8 7 19 20 8 7 19 7 12 17 4 11 17 13 20 18 4 20 10 2 2 6 15 12 5 9 20 14 7 5 4 15 9 7 5 5 19 17 13 3 15
int 102 7 5 12 3 6 12 10 15 3 9 5 6 20 9 4 2 20 12 13 1 18 11 10 17 6 7 6 1 6 13 2 10 8 17 5 10 4 9 3 1 16 10 7 9 19 1 13 20 4 7 15 6 3 4 6 14 7 20 6 12 16 20 18 1 9 1 5 4 1 15 12 5 1 9 18 18 2 13 6 3 20 15 6 18 16 3 14 8 10 12 1 15 2 10 3 12 18 4 6 3 15 1
int 102 3 9 13 7 9 4 10 12 20 1 5 17 8 13 4 3 15 8 12 6 10 3 3 3 1 20 7 6 10 18 1 1 4 19 6 19 8 5 20 20 2 12 19 3 15 18 6 16 18 3 1 15 2 8 15 16 18 18 15 7 19 4 5 7 17 20 18 10 5 20 15 2 10 5 5 9 20 3 12 14 9 8 1 18 10 12 10 12 12 7 6 10 18 13 4 8 20 1 16 7 3 4
bool 102 1 0 1 1 1 1 0 0 0 1 0 1 1 0 1 0 0 1 1 0 0 1 1 0 0 0 1 0 0 1 0 1 1 0 1 0 0 1 1 1 1 1 0 0 0 0 1 1 1 1 1 1 0 1 0 0 0 0 1 1 1 0 0 1 1 1 1 0 1 0 1 0 0 1 1 0 1 0 1 0 0 1 1 0 0 0 0 0 1 1 1 0 1 1 1 0 1 0 0 0 0 0
double 103 1.85 1.91 1.56 1.11 0.88 0.46 1.03 1.8 1.99 1.35 0.65 0.84 0.09 1.27 0.47 1.69 0.59 1.84 0.86 1.39 1.67 1.2 0.74 1.06 1.17 0.51 0 0.93 1.34 0.75 0.22 1.41 0.09 0.2 0.78 0.54 1.92 0.31 0.15 0.91 0.59 0.8 1.91 0.28 0.31 1.39 0.37 1.48 1.87 1.94 0.3 0.88 0.87 0.98 1.22 0.53 0.29 0.14 1.1 1.33 1.02 1.21 1.28 1.25 1.91 1.93 1.96 1.52 1.44 1.29 1.06 0.73 1.05 0.05 1.42 1.88 0.67 0.79 0.62 0.78 0.18 0.68 0.46 1.14 0.95 1.89 1.63 1.39 1.42 1.25 0.5 0.05 1.97 0.98 1.16 0.72 0.36 0.58 0.07 0.04 0.53 1.21 1.14
char 104 t r t m e a d c b m g r e o s m f f b p i f g d l p a o d h a c t p s e f n p m f j d k h e g q l g k r r t d c o j q s d e f t d m f c c c a c t e o g a b r r m p a r l t i i f j i q g t l t i o f j e m m d
double 105 0.55 1.15 0.45 1.33 1.62 0.9 1.37 0.88 0.74 1.91 0.2 1.21 1.85 1.87 0.38 1.93 1.31 0.33 1.37 0.49 1.39 0.6 1.62 1.79 0.83 1.35 1.4 1.37 1.89 0.27 0.42 1.89 1.98 0.61 0.56 0.75 0.95 1.11 1.48 0.23 0.59 0.29 0.24 1.77 1.13 0.64 0.5 0.27 1.4 0.72 0.5 1.39 1.31 0.01 1.91 0.75 0.3 1.22 0.69 0.42 0.37 0.54 0.98 1.81 0.05 1.77 1.13 1.76 1.3 1.06 1.38 0.53 0.11 1.48 1.7 0.46 1.51 0.81 1.28 1.57 1.73 0 0.48 0.34 1.14 1.38 1.35 1.12 1.96 0.05 0.95 0.64 0.32 1.07 1.01 0.12 0.8 0.81 0 0.05 1.76 0.41 1.82 1.67 1.96
char 106 j c i h o b r s a i q s e p j o e j t a n p g i c q g a f a t a g d r s p g d a h t k k a e e n j k s i o j m o a m n o j h t d b e t f l k b e j o l e o r m j r t f c s k p d p s i p j l j i h a a g h i n c r d
char 107 s q s c d b k s m a i j k a a h p c f g d s s e s b o s f k h e l k o p c c b h s e f g h t h a m d a s i r i e h p f b n q r i s n d g k j r q i r e t n l n p g r q a r p b p e j a m m i h b b e f b p a i r e l a
bool 107 1 0 0 1 1 1 0 1 1 0 0 0 1 0 0 1 0 0 0 1 1 1 1 0 1 0 0 1 1 0 1 0 1 0 1 0 1 0 1 1 1 1 0 1 0 1 0 0 0 1 0 0 1 0 1 0 1 0 1 0 1 0 0 1 0 1 1 0 1 0 0 0 0 0 1 0 1 1 1 1 1 1 1 1 0 1 1 0 1 0 0 1 1 0 0 1 1 1 0 1 1 1 0 0 0 0 0
bool 107 0 1 0 1 1 1 1 1 1 1 0 0 1 0 0 0 1 0 0 1 1 1 0 1 1 1 0 1 1 1 1 1 1 0 0 0 1 1 0 0 0 0 0 0 1 0 1 1 0 1 1 1 0 0 0 0 0 1 1 1 1 1 1 0 0 1 0 1 0 1 0 0 1 0 1 0 0 1 1 1 1 0 1 1 0 1 0 0 0 1 1 1 0 0 0 0 1 1 0 0 0 1 1 0 1 0 0
double 108 0.65 0.7 1.89 0.16 0.2 0.2 1.52 0.49 1.68 0.21 1.2 1.85 1.3 0.08 1.71 0.83 1.02 1.21 0.95 1 1.23 0.81 1.3 1.29 1.02 0.78 1.07 0.63 1.26 0.46 0.5 0.33 0 1.8 1.08 1.59 1.91 0.23 0.26 1.3 1.19 1.15 1.23 1.88 0.27 1.27 0.27 0.49 1.19 0.57 0.5 0.9 0.11 0.78 1.41 0.95 0.02 0.97 0.09 0.25 1.05 1.18 1.43 1.7 1.63 1.41 1.27 1.47 1.93 0.35 0.58 0.82 1.94 1.55 1.68 0.06 0.99 0.63 1.73 1.63 0.4 0.31 1.18 0.29 1.38 0.81 1.31 1.45 0.03 1.28 0.2 1.92 1.22 1.15 1.42 1.08 1.59 1.56 0.04 0.37 0.55 1.34 0.22 0.53 0.64 0.8 1.87 1.54
double 108 0.14 1.21 1.27 1.13 0.63 0.5 0.85 1.4 0.1 1.02 0.55 1.04 0.75 1.02 1.63 0.41 0.8 0.18 1.79 0.06 1.08 0.27 0.78 1.99 0.75 1.24 0.24 0.75 1.71 0.36 0.58 1.6 1.53 0.66 0.98 0.02 1.94 0.62 1 1.39 1.04 0.89 0.64 1.51 1.43 1.82 1.65 1.88 1.8 0.29 1.78 1.52 0.75 0.7 1.45 1.52 1.81 0.03 1.91 0.42 1.86 0.33 1.43 1.94 1.06 0.01 0.92 0.71 0.4 0.63 0.41 0.69 1.65 1 1.63 1.72 1 0.78 1.45 0.13 0.68 0.88 0.03 0.2 1.06 1.15 1.92 0.1 0.37 0.29 1.79 0.39 1.53 1.58 1.29 0.37 1.78 0.43 0.02 1.73 0.28 1.18 1.07 1.88 0.46 1.23 1.94 0.2
int 109 12 10 8 18 20 19 9 18 20 16 5 20 3 19 3 20 12 12 20 19 1 8 7 10 19 7 13 12 17 7 3 19 6 19 20 10 3 10 7 4 9 20 3 4 16 13 13 16 17 16 15 9 9 4 17 20 18 3 20 18 7 4 4 19 20 6 7 4 18 11 18 7 4 10 7 16 11 19 1 18 7 4 6 9 3 8 11 11 16 9 11 20 11 7 15 14 16 9 1 11 10 15 10 20 16 2 15 9 6
